1,0,27644,7577,63577,37890,57957,1957,0
2,1000,36666,2291,58648,28868,63243,6886,0
3,2000,45286,1,51140,20248,65533,14394,0
4,3000,52661,922,41799,12873,64612,23735,0
5,4000,58070,4916,31578,7464,60618,33956,0
6,5000,60978,11637,21484,4556,53897,44050,0
7,6000,61102,20488,12506,4432,45046,53028,0
8,7000,58470,30537,5520,7064,34997,60014,0
9,8000,53344,40793,1209,12190,24741,64325,0
10,9000,46123,50251,0,19411,15283,65535,0
11,10000,37586,57991,1978,27948,7543,63556,0
12,11000,28573,63259,6914,36961,2275,58621,0
13,12000,19968,65535,14418,45566,0,51116,0
14,13000,12609,64609,23747,52925,925,41787,0
15,14000,7210,60621,33952,58324,4913,31582,0
16,15000,4303,53913,44031,61231,11621,21503,0
17,16000,4172,45077,53001,61362,20457,12533,0
18,17000,6793,35040,59990,58741,30494,5544,0
19,18000,11903,24786,64311,53632,40748,1223,0
20,19000,19115,15322,65535,46419,50212,0,0
21,20000,27653,7569,63568,37881,57965,1966,0
22,21000,36675,2287,58636,28859,63247,6898,0
23,22000,45293,1,51127,20241,65533,14407,0
24,23000,52665,925,41785,12869,64609,23749,0
25,24000,58071,4922,31564,7463,60612,33970,0
26,25000,60976,11645,21472,4558,53889,44062,0
27,26000,61097,20497,12497,4437,45037,53037,0
28,27000,58462,30545,5514,7072,34989,60020,0
29,28000,53338,40801,1207,12196,24733,64327,0
30,29000,46117,50256,1,19417,15278,65533,0
31,30000,37580,57993,1983,27954,7541,63551,0
32,31000,28568,63257,6921,36966,2277,58613,0
33,32000,19965,65529,14428,45569,5,51107,0
34,33000,12608,64600,23757,52926,934,41777,0
35,34000,7212,60609,33961,58322,4925,31573,0
36,35000,4308,53899,44039,61226,11635,21495,0
37,36000,4181,45062,53006,61353,20472,12528,0
38,37000,6805,35025,59991,58729,30509,5543,0
39,38000,11916,24773,64309,53618,40761,1225,0
40,39000,19130,15311,65529,46404,50223,5,0
41,40000,27668,7562,63559,37866,57973,1975,0
42,41000,36689,2283,58625,28845,63251,6909,0
43,42000,45306,1,51113,20229,65533,14421,0
44,43000,52675,928,41771,12859,64606,23763,0
45,44000,58077,4928,31551,7457,60606,33983,0
46,45000,60980,11653,21460,4554,53881,44074,0
47,46000,61097,20506,12488,4437,45028,53046,0
48,47000,58459,30554,5508,7075,34980,60026,0
49,48000,53329,40808,1205,12205,24726,64329,0
50,49000,46106,50261,3,19428,15273,65531,0
51,50000,37569,57995,1988,27965,7539,63546,0
52,51000,28558,63255,6929,36977,2279,58605,0
53,52000,19956,65524,14443,45578,11,51091,0
54,53000,12602,64591,23773,52932,943,41761,0
55,54000,7209,60597,33977,58325,4937,31557,0
56,55000,4308,53885,44053,61226,11649,21481,0
57,56000,4184,45047,53017,61350,20487,12517,0
58,57000,6811,35010,59999,58723,30524,5535,0
59,58000,11924,24759,64313,53610,40775,1221,0
60,59000,19140,15300,65529,46395,50234,5,0
61,60000,27678,7554,63556,37856,57980,1979,0
62,61000,36698,2279,58619,28836,63255,6915,0
63,62000,45313,0,51100,20222,65534,14434,0
64,63000,52679,931,41757,12855,64603,23777,0
65,64000,58079,4934,31538,7455,60600,33997,0
66,65000,60978,11661,21449,4556,53873,44085,0
67,66000,61092,20515,12479,4442,45019,53055,0
68,67000,58451,30563,5503,7083,34971,60031,0
69,68000,53324,40815,1203,12210,24719,64331,0
70,69000,46100,50266,5,19434,15268,65529,0
71,70000,37563,57997,1993,27971,7537,63541,0
72,71000,28552,63253,6937,36982,2281,58597,0
73,72000,19953,65518,14452,45581,16,51082,0
74,73000,12601,64582,23783,52933,952,41751,0
75,74000,7211,60585,33986,58323,4949,31548,0
76,75000,4314,53871,44060,61220,11663,21474,0
77,76000,4193,45033,53022,61341,20502,12512,0
78,77000,6822,34995,60001,58712,30539,5533,0
79,78000,11938,24746,64311,53596,40788,1223,0
80,79000,19154,15289,65523,46380,50245,11,0
81,80000,27693,7546,63547,37841,57988,1987,0
82,81000,36712,2275,58607,28822,63259,6927,0
83,82000,45325,0,51087,20209,65534,14447,0
84,83000,52689,934,41743,12845,64600,23791,0
85,84000,58085,4940,31524,7449,60594,34010,0
86,85000,60981,11669,21437,4553,53865,44097,0
87,86000,61092,20524,12471,4442,45011,53064,0
88,87000,58448,30572,5497,7086,34962,60037,0
89,88000,53319,40823,1201,12215,24711,64333,0
90,89000,46095,50271,7,19439,15263,65527,0
91,90000,37557,57998,1998,27977,7536,63536,0
92,91000,28547,63252,6944,36987,2282,58590,0
93,92000,19949,65513,14461,45585,21,51073,0
94,93000,12600,64574,23793,52934,961,41741,0
95,94000,7213,60574,33996,58321,4960,31539,0
96,95000,4319,53857,44068,61215,11677,21466,0
97,96000,4201,45018,53027,61333,20516,12507,0
98,97000,6833,34981,60003,58701,30553,5531,0
99,98000,11951,24733,64309,53583,40801,1225,0
100,99000,19169,15278,65518,46365,50256,16,0
101,100000,27707,7538,63538,37827,57996,1996,0
102,101000,36726,2270,58596,28808,63264,6938,0
103,102000,45337,0,51073,20197,65535,14461,0
104,103000,52698,937,41730,12836,64597,23805,0
105,104000,58092,4945,31511,7442,60589,34023,0
106,105000,60984,11677,21426,4550,53857,44108,0
107,106000,61092,20532,12462,4442,45002,53072,0
108,107000,58446,30580,5492,7088,34954,60042,0
109,108000,53310,40830,1199,12224,24704,64335,0
110,109000,46084,50276,8,19450,15258,65526,0
111,110000,37546,58000,2003,27988,7534,63531,0
112,111000,28537,63250,6952,36997,2284,58582,0
113,112000,19941,65507,14471,45593,27,51063,0
114,113000,12594,64565,23803,52940,969,41732,0
115,114000,7210,60562,34005,58324,4972,31529,0
116,115000,4319,53850,44076,61215,11684,21458,0
117,116000,4205,45009,53033,61329,20525,12502,0
118,117000,6839,34972,60005,58695,30562,5529,0
119,118000,11959,24725,64307,53575,40809,1227,0
120,119000,19178,15273,65512,46356,50261,22,0
121,120000,27717,7536,63529,37817,57998,2005,0
122,121000,36734,2272,58584,28800,63262,6950,0
123,122000,45344,5,51060,20191,65529,14474,0
124,123000,52703,946,41716,12831,64588,23818,0
125,124000,58093,4957,31498,7441,60577,34036,0
126,125000,60982,11690,21414,4552,53844,44120,0
127,126000,61087,20547,12453,4447,44987,53081,0
128,127000,58438,30595,5486,7096,34939,60048,0
129,128000,53305,40843,1197,12229,24691,64337,0
130,129000,46078,50287,10,19456,15247,65524,0
131,130000,37540,58008,2008,27994,7526,63526,0
132,131000,28532,63254,6959,37002,2280,58575,0
133,132000,19937,65508,14480,45597,26,51054,0
134,133000,12593,64562,23812,52941,972,41722,0
135,134000,7212,60557,34014,58322,4977,31520,0
136,135000,4324,53836,44083,61210,11698,21451,0
137,136000,4213,44994,53038,61321,20540,12496,0
138,137000,6851,34958,60006,58684,30577,5528,0
139,138000,11972,24712,64306,53562,40822,1228,0
140,139000,19192,15262,65507,46342,50272,27,0
141,140000,27731,7528,63520,37803,58006,2014,0
142,141000,36748,2268,58573,28786,63266,6961,0
143,142000,45356,5,51047,20179,65529,14487,0
144,143000,52712,949,41702,12822,64585,23832,0
145,144000,58099,4963,31485,7435,60571,34049,0
146,145000,60985,11698,21403,4549,53836,44131,0
147,146000,61087,20556,12444,4447,44978,53090,0
148,147000,58435,30604,5481,7099,34931,60053,0
149,148000,53300,40851,1195,12234,24684,64339,0
150,149000,46072,50292,12,19462,15242,65522,0
151,150000,37534,58010,2013,28000,7524,63521,0
152,151000,28527,63252,6967,37007,2282,58567,0
153,152000,19934,65503,14489,45600,31,51045,0
154,153000,12592,64554,23822,52942,980,41712,0
155,154000,7214,60545,34023,58320,4989,31511,0
156,155000,4329,53823,44091,61205,11711,21443,0
157,156000,4221,44980,53043,61313,20554,12491,0
158,157000,6862,34943,60008,58673,30591,5526,0
159,158000,11985,24699,64304,53549,40835,1230,0
160,159000,19206,15251,65501,46328,50283,33,0
161,160000,27746,7520,63511,37788,58014,2023,0
162,161000,36762,2264,58562,28772,63270,6972,0
163,162000,45367,4,51034,20167,65530,14500,0
164,163000,52722,952,41689,12813,64582,23845,0
165,164000,58106,4968,31472,7428,60566,34062,0
166,165000,60988,11706,21392,4546,53828,44143,0
167,166000,61087,20565,12435,4447,44970,53099,0
168,167000,58433,30612,5475,7101,34922,60059,0
169,168000,53291,40858,1194,12243,24676,64341,0
170,169000,46061,50297,13,19473,15237,65521,0
171,170000,37523,58012,2018,28011,7522,63516,0
172,171000,28516,63251,6974,37018,2283,58560,0
173,172000,19925,65497,14498,45609,37,51036,0
174,173000,12586,64545,23832,52949,989,41702,0
175,174000,7211,60534,34032,58323,5000,31502,0
176,175000,4329,53809,44099,61205,11725,21435,0
177,176000,4224,44965,53048,61310,20569,12486,0
178,177000,6867,34929,60010,58667,30605,5524,0
179,178000,11993,24686,64302,53541,40848,1232,0
180,179000,19215,15240,65496,46319,50294,38,0
181,180000,27755,7513,63503,37779,58021,2031,0
182,181000,36770,2260,58550,28764,63274,6984,0
183,182000,45374,3,51021,20160,65531,14513,0
184,183000,52726,955,41675,12808,64580,23859,0
185,184000,58107,4974,31459,7427,60560,34075,0
186,185000,60986,11713,21380,4548,53821,44154,0
187,186000,61082,20573,12427,4452,44961,53108,0
188,187000,58425,30620,5470,7109,34914,60065,0
189,188000,53286,40865,1192,12248,24669,64342,0
190,189000,46056,50302,15,19478,15232,65519,0
191,190000,37517,58014,2022,28017,7520,63512,0
192,191000,28511,63249,6981,37023,2285,58553,0
193,192000,19922,65492,14507,45612,42,51027,0
194,193000,12585,64537,23841,52950,997,41693,0
195,194000,7212,60523,34042,58322,5011,31492,0
196,195000,4334,53796,44106,61200,11738,21428,0
197,196000,4233,44951,53053,61302,20583,12481,0
198,197000,6878,34914,60012,58656,30620,5522,0
199,198000,12006,24673,64300,53528,40861,1234,0
200,199000,19230,15230,65491,46305,50305,43,0
201,200000,27769,7505,63494,37765,58029,2040,0
202,201000,36784,2255,58539,28750,63279,6995,0
203,202000,45386,3,51009,20148,65531,14526,0
204,203000,52735,957,41662,12799,64577,23872,0
205,204000,58113,4980,31446,7421,60555,34088,0
206,205000,60989,11721,21369,4545,53813,44165,0
207,206000,61082,20582,12418,4452,44952,53116,0
208,207000,58422,30629,5464,7112,34905,60070,0
209,208000,53281,40872,1190,12253,24662,64344,0
210,209000,46050,50307,17,19484,15227,65518,0
211,210000,37511,58016,2027,28023,7518,63507,0
212,211000,28506,63248,6989,37028,2286,58546,0
213,212000,19918,65487,14516,45616,47,51018,0
214,213000,12584,64528,23851,52951,1006,41683,0
215,214000,7214,60512,34051,58320,5022,31483,0
216,215000,4339,53783,44114,61195,11751,21420,0
217,216000,4241,44937,53058,61293,20597,12476,0
218,217000,6889,34900,60014,58645,30634,5520,0
219,218000,12019,24660,64299,53515,40874,1235,0
220,219000,19243,15219,65486,46291,50315,49,0
221,220000,27783,7497,63486,37751,58037,2048,0
222,221000,36797,2251,58528,28737,63283,7006,0
223,222000,45398,2,50996,20137,65532,14538,0
224,223000,52744,960,41649,12790,64574,23886,0
225,224000,58120,4985,31433,7414,60549,34101,0
226,225000,60993,11728,21358,4541,53806,44176,0
227,226000,61082,20590,12409,4452,44944,53125,0
228,227000,58420,30637,5459,7114,34897,60076,0
229,228000,53273,40879,1188,12261,24655,64346,0
230,229000,46039,50312,18,19495,15222,65516,0
231,230000,37500,58018,2032,28034,7516,63502,0
232,231000,28496,63246,6996,37038,2288,58538,0
233,232000,19910,65482,14525,45624,52,51009,0
234,233000,12577,64520,23860,52957,1014,41674,0
235,234000,7211,60501,34060,58323,5034,31474,0
236,235000,4339,53770,44121,61195,11764,21413,0
237,236000,4243,44923,53063,61291,20611,12471,0
238,237000,6894,34886,60016,58640,30648,5518,0
239,238000,12026,24647,64297,53508,40887,1237,0
240,239000,19252,15208,65480,46282,50326,54,0
241,240000,27792,7489,63478,37742,58045,2056,0
242,241000,36805,2247,58517,28729,63287,7017,0
243,242000,45404,2,50983,20130,65532,14551,0
244,243000,52748,963,41635,12786,64571,23899,0
245,244000,58121,4990,31421,7413,60544,34113,0
246,245000,60991,11742,21347,4543,53792,44187,0
247,246000,61077,20604,12401,4457,44930,53133,0
248,247000,58413,30651,5453,7122,34883,60081,0
249,248000,53268,40892,1186,12267,24642,64348,0
250,249000,46034,50322,20,19500,15212,65514,0
251,250000,37495,58026,2036,28039,7508,63498,0
252,251000,28491,63251,7003,37043,2283,58531,0
253,252000,19907,65483,14534,45628,51,51001,0
254,253000,12576,64518,23870,52958,1016,41664,0
255,254000,7213,60495,34069,58321,5039,31465,0
256,255000,4344,53763,44129,61190,11771,21405,0
257,256000,4251,44915,53068,61283,20620,12466,0
258,257000,6905,34878,60018,58629,30656,5516,0
259,258000,12039,24640,64296,53496,40894,1238,0
260,259000,19266,15203,65475,46268,50331,59,0
261,260000,27806,7488,63469,37728,58046,2065,0
262,261000,36818,2249,58507,28716,63285,7027,0
263,262000,45416,7,50971,20118,65527,14563,0
264,263000,52758,971,41622,12777,64563,23912,0
265,264000,58127,5002,31408,7407,60532,34126,0
266,265000,60994,11749,21336,4540,53785,44198,0
267,266000,61077,20613,12392,4457,44922,53142,0
268,267000,58410,30659,5448,7124,34875,60086,0
269,268000,53263,40899,1184,12271,24635,64350,0
270,269000,46029,50327,21,19506,15207,65513,0
271,270000,37489,58027,2041,28045,7507,63493,0
272,271000,28486,63249,7010,37048,2285,58524,0
273,272000,19903,65478,14542,45631,56,50992,0
274,273000,12575,64509,23879,52959,1025,41655,0
275,274000,7215,60484,34078,58319,5050,31457,0
276,275000,4349,53750,44136,61185,11784,21398,0
277,276000,4259,44901,53073,61275,20633,12461,0
278,277000,6915,34864,60020,58619,30670,5514,0
279,278000,12051,24628,64294,53483,40907,1240,0
280,279000,19279,15193,65470,46255,50341,64,0
281,280000,27820,7480,63461,37714,58054,2073,0
282,281000,36832,2244,58496,28703,63290,7038,0
283,282000,45427,6,50959,20107,65528,14576,0
284,283000,52767,974,41609,12768,64560,23925,0
285,284000,58133,5007,31396,7401,60527,34138,0
286,285000,60997,11756,21325,4537,53778,44209,0
287,286000,61077,20621,12384,4457,44913,53150,0
288,287000,58408,30667,5442,7126,34867,60092,0
289,288000,53255,40906,1182,12279,24629,64352,0
290,289000,46018,50332,23,19516,15202,65511,0
291,290000,37478,58029,2045,28056,7505,63489,0
292,291000,28476,63248,7017,37058,2286,58517,0
293,292000,19895,65473,14551,45639,61,50983,0
294,293000,12569,64501,23888,52965,1033,41646,0
295,294000,7211,60474,34086,58323,5060,31448,0
296,295000,4349,53737,44143,61185,11797,21391,0
297,296000,4262,44887,53078,61272,20647,12456,0
298,297000,6920,34851,60022,58614,30683,5512,0
299,298000,12058,24615,64292,53476,40919,1242,0
300,299000,19288,15183,65465,46246,50352,69,0
301,300000,27829,7473,63453,37705,58061,2081,0
302,301000,36839,2240,58485,28695,63294,7049,0
303,302000,45433,6,50946,20101,65528,14588,0
304,303000,52770,977,41596,12764,64557,23938,0
305,304000,58134,5012,31383,7400,60522,34151,0
306,305000,60995,11764,21314,4539,53771,44220,0
307,306000,61072,20629,12375,4462,44905,53159,0
308,307000,58400,30675,5437,7134,34859,60097,0
309,308000,53250,40912,1180,12284,24622,64354,0
310,309000,46013,50336,24,19521,15198,65510,0
311,310000,37473,58031,2050,28061,7503,63484,0
312,311000,28471,63246,7024,37063,2288,58510,0
313,312000,19892,65468,14559,45642,66,50975,0
314,313000,12568,64493,23897,52966,1041,41637,0
315,314000,7213,60463,34095,58321,5071,31439,0
316,315000,4354,53724,44151,61180,11810,21383,0
317,316000,4270,44873,53083,61264,20661,12451,0
318,317000,6931,34837,60023,58603,30697,5511,0
319,318000,12071,24603,64291,53464,40932,1243,0
320,319000,19301,15172,65460,46233,50362,74,0
321,320000,27842,7465,63445,37692,58069,2089,0
322,321000,36852,2236,58475,28682,63298,7059,0
323,322000,45445,5,50934,20090,65529,14600,0
324,323000,52779,979,41584,12755,64555,23950,0
325,324000,58140,5018,31371,7394,60516,34163,0
326,325000,60998,11777,21303,4536,53757,44231,0
327,326000,61073,20643,12367,4461,44891,53167,0
328,327000,58398,30689,5432,7136,34845,60102,0
329,328000,53246,40925,1178,12289,24609,64356,0
330,329000,46007,50347,26,19527,15187,65509,0
331,330000,37467,58039,2054,28067,7495,63480,0
332,331000,28467,63251,7030,37067,2283,58504,0
333,332000,19889,65469,14568,45646,65,50966,0
334,333000,12568,64491,23907,52966,1043,41627,0
335,334000,7215,60458,34104,58319,5076,31430,0
336,335000,4359,53717,44158,61175,11817,21376,0
337,336000,4277,44865,53088,61257,20669,12447,0
338,337000,6941,34829,60025,58593,30705,5509,0
339,338000,12083,24596,64289,53451,40938,1245,0
340,339000,19315,15168,65455,46219,50366,79,0
341,340000,27856,7464,63437,37678,58070,2097,0
342,341000,36865,2238,58464,28669,63296,7070,0
343,342000,45456,10,50928,20078,65524,14606,0
344,343000,52788,988,41577,12746,64546,23957,0
345,344000,58146,5029,31365,7388,60505,34169,0
346,345000,61001,11784,21299,4533,53750,44235,0
347,346000,61073,20651,12365,4461,44883,53169,0
348,347000,58396,30697,5433,7138,34837,60101,0
349,348000,53237,40932,1182,12297,24603,64352,0
350,349000,45997,50351,33,19537,15183,65501,0
351,350000,37457,58040,2065,28077,7494,63469,0
352,351000,28457,63249,7043,37077,2285,58491,0
353,352000,19880,65464,14582,45654,70,50952,0
354,353000,12562,64483,23922,52972,1051,41612,0
355,354000,7212,60447,34118,58322,5087,31416,0
356,355000,4358,53705,44171,61176,11829,21363,0
357,356000,4280,44852,53098,61254,20682,12436,0
358,357000,6946,34816,60033,58588,30718,5501,0
359,358000,12094,24584,64294,53440,40950,1241,0
360,359000,19328,15158,65456,46206,50376,78,0
361,360000,27869,7456,63435,37665,58078,2099,0
362,361000,36878,2234,58460,28656,63300,7074,0
363,362000,45467,10,50916,20067,65524,14618,0
364,363000,52797,990,41564,12737,64544,23970,0
365,364000,58153,5034,31353,7382,60500,34181,0
366,365000,61004,11791,21288,4530,53743,44246,0
367,366000,61073,20659,12357,4461,44875,53177,0
368,367000,58394,30705,5427,7140,34830,60107,0
369,368000,53233,40938,1180,12301,24596,64354,0
370,369000,45992,50356,34,19542,15178,65500,0
371,370000,37451,58042,2069,28083,7492,63465,0
372,371000,28452,63248,7050,37082,2286,58484,0
373,372000,19877,65459,14590,45657,75,50944,0
374,373000,12561,64475,23931,52973,1060,41604,0
375,374000,7214,60436,34127,58320,5098,31407,0
376,375000,4363,53692,44178,61171,11842,21356,0
377,376000,4288,44838,53103,61246,20696,12431,0
378,377000,6956,34803,60035,58578,30731,5499,0
379,378000,12102,24571,64292,53432,40963,1242,0
380,379000,19336,15148,65451,46198,50387,83,0
381,380000,27878,7449,63427,37656,58085,2107,0
382,381000,36885,2230,58449,28649,63304,7085,0
383,382000,45473,9,50904,20061,65525,14630,0
384,383000,52801,993,41552,12734,64541,23982,0
385,384000,58153,5039,31341,7381,60495,34193,0
386,385000,61002,11798,21278,4532,53736,44256,0
387,386000,61068,20667,12349,4466,44867,53186,0
388,387000,58386,30712,5422,7148,34822,60112,0
389,388000,53228,40945,1178,12306,24589,64356,0
390,389000,45987,50360,36,19547,15174,65498,0
391,390000,37446,58044,2074,28088,7490,63460,0
392,391000,28447,63246,7057,37087,2288,58477,0
393,392000,19874,65455,14599,45660,79,50935,0
394,393000,12560,64466,23940,52974,1068,41595,0
395,394000,7216,60426,34135,58318,5108,31399,0
396,395000,4368,53680,44185,61166,11854,21349,0
397,396000,4295,44825,53108,61239,20709,12426,0
398,397000,6966,34789,60036,58568,30745,5498,0
399,398000,12114,24559,64290,53420,40975,1244,0
400,399000,19349,15137,65446,46185,50397,88,0
401,400000,27891,7442,63419,37643,58092,2115,0
402,401000,36898,2226,58439,28636,63308,7095,0
403,402000,45484,8,50892,20050,65526,14642,0
404,403000,52809,996,41539,12725,64538,23995,0
405,404000,58159,5045,31329,7375,60489,34205,0
406,405000,61005,11811,21267,4529,53723,44267,0
407,406000,61068,20680,12340,4466,44854,53194,0
408,407000,58384,30726,5417,7150,34808,60117,0
409,408000,53220,40957,1177,12315,24577,64357,0
410,409000,45976,50371,38,19558,15163,65496,0
411,410000,37435,58051,2078,28099,7483,63456,0
412,411000,28438,63251,7064,37096,2283,58470,0
413,412000,19866,65456,14607,45668,78,50927,0
414,413000,12554,64464,23949,52980,1070,41586,0
415,414000,7212,60421,34144,58322,5113,31390,0
416,415000,4368,53673,44192,61167,11861,21342,0
417,416000,4298,44817,53112,61236,20717,12422,0
418,417000,6971,34782,60038,58563,30752,5496,0
419,418000,12125,24553,64289,53409,40981,1245,0
420,419000,19362,15133,65441,46172,50401,93,0
421,420000,27904,7440,63411,37630,58094,2123,0
422,421000,36911,2228,58429,28624,63306,7105,0
423,422000,45495,14,50880,20039,65520,14654,0
424,423000,52818,1004,41527,12716,64530,24007,0
425,424000,58165,5056,31317,7369,60478,34217,0
426,425000,61008,11818,21257,4526,53716,44277,0
427,426000,61068,20688,12332,4466,44846,53202,0
428,427000,58382,30734,5412,7153,34801,60122,0
429,428000,53215,40964,1175,12319,24571,64359,0
430,429000,45971,50375,39,19563,15159,65495,0
431,430000,37430,58053,2082,28104,7481,63452,0
432,431000,28433,63249,7070,37101,2285,58464,0
433,432000,19863,65451,14616,45671,83,50919,0
434,433000,12553,64456,23958,52981,1078,41577,0
435,434000,7214,60410,34152,58320,5124,31382,0
436,435000,4372,53661,44199,61162,11873,21335,0
437,436000,4305,44804,53117,61229,20730,12417,0
438,437000,6981,34769,60040,58553,30765,5494,0
439,438000,12137,24541,64287,53397,40993,1247,0
440,439000,19375,15123,65436,46159,50411,98,0
441,440000,27917,7433,63403,37617,58101,2131,0
442,441000,36923,2224,58419,28611,63310,7115,0
443,442000,45506,13,50868,20028,65521,14666,0
444,443000,52827,1007,41514,12708,64527,24020,0
445,444000,58171,5061,31305,7363,60473,34229,0
446,445000,61011,11825,21246,4523,53709,44288,0
447,446000,61068,20696,12324,4466,44838,53210,0
448,447000,58379,30741,5407,7155,34793,60127,0
449,448000,53211,40970,1173,12323,24564,64361,0
450,449000,45966,50380,41,19568,15155,65493,0
451,450000,37425,58055,2087,28109,7479,63448,0
452,451000,28428,63248,7077,37106,2286,58457,0
453,452000,19860,65446,14624,45675,88,50910,0
454,453000,12552,64448,23967,52982,1086,41567,0
455,454000,7216,60400,34161,58318,5134,31373,0
456,455000,4377,53648,44206,61157,11886,21328,0
457,456000,4313,44791,53122,61221,20744,12412,0
458,457000,6991,34755,60042,58543,30779,5493,0
459,458000,12145,24529,64285,53389,41005,1249,0
460,459000,19383,15113,65431,46151,50421,103,0
461,460000,27926,7426,63395,37609,58108,2139,0
462,461000,36930,2220,58409,28604,63314,7126,0
463,462000,45511,13,50856,20023,65521,14678,0
464,463000,52830,1010,41502,12704,64524,24032,0
465,464000,58172,5066,31293,7362,60468,34241,0
466,465000,61009,11832,21236,4525,53702,44298,0
467,466000,61063,20704,12316,4471,44830,53218,0
468,467000,58372,30749,5402,7162,34785,60132,0
469,468000,53202,40977,1172,12332,24558,64362,0
470,469000,45955,50384,42,19579,15150,65492,0
471,470000,37414,58057,2091,28120,7477,63443,0
472,471000,28419,63246,7084,37115,2288,58450,0
473,472000,19851,65441,14632,45683,93,50902,0
474,473000,12546,64440,23976,52988,1094,41559,0
475,474000,7213,60389,34169,58321,5145,31365,0
476,475000,4377,53636,44213,61157,11898,21321,0
477,476000,4315,44777,53127,61219,20757,12407,0
478,477000,6996,34742,60043,58538,30792,5491,0
479,478000,12156,24517,64284,53378,41017,1250,0
480,479000,19396,15103,65426,46138,50431,108,0
481,480000,27939,7418,63388,37595,58116,2147,0
482,481000,36943,2216,58398,28591,63318,7136,0
483,482000,45522,12,50845,20012,65522,14689,0
484,483000,52839,1012,41489,12696,64522,24045,0
485,484000,58178,5071,31281,7356,60463,34253,0
486,485000,61011,11845,21226,4523,53690,44308,0
487,486000,61063,20718,12308,4471,44816,53226,0
488,487000,58369,30763,5397,7165,34772,60137,0
489,488000,53198,40989,1170,12336,24545,64364,0
490,489000,45950,50394,44,19584,15140,65490,0
491,490000,37409,58064,2095,28125,7470,63439,0
492,491000,28414,63251,7090,37120,2283,58444,0
493,492000,19848,65442,14641,45686,92,50894,0
494,493000,12545,64438,23984,52989,1096,41550,0
495,494000,7214,60385,34178,58320,5149,31356,0
496,495000,4381,53629,44220,61153,11905,21314,0
497,496000,4323,44770,53131,61211,20764,12403,0
498,497000,7006,34735,60045,58528,30799,5489,0
499,498000,12168,24511,64282,53367,41023,1252,0
500,499000,19409,15099,65421,46125,50435,113,0
501,500000,27952,7417,63380,37582,58117,2154,0
502,501000,36955,2218,58388,28579,63316,7146,0
503,502000,45533,18,50833,20001,65516,14701,0
504,503000,52847,1021,41477,12687,64513,24057,0
505,504000,58183,5082,31269,7351,60452,34265,0
506,505000,61014,11852,21215,4520,53683,44319,0
507,506000,61063,20726,12300,4471,44809,53234,0
508,507000,58367,30770,5392,7167,34764,60142,0
509,508000,53194,40995,1168,12341,24539,64366,0
510,509000,45945,50399,45,19589,15135,65489,0
511,510000,37404,58066,2100,28130,7468,63434,0
512,511000,28409,63249,7097,37125,2285,58437,0
513,512000,19845,65437,14649,45689,97,50885,0
514,513000,12544,64430,23993,52990,1104,41541,0
515,514000,7216,60374,34186,58318,5160,31348,0
516,515000,4386,53617,44227,61148,11917,21307,0
517,516000,4330,44757,53136,61204,20777,12398,0
518,517000,7016,34722,60047,58518,30812,5487,0
519,518000,12179,24499,64281,53355,41035,1253,0
520,519000,19422,15089,65416,46112,50445,118,0
521,520000,27965,7410,63372,37569,58124,2162,0
522,521000,36968,2214,58378,28567,63320,7156,0
523,522000,45544,17,50821,19990,65517,14713,0
524,523000,52856,1023,41465,12678,64511,24069,0
525,524000,58189,5087,31257,7345,60447,34277,0
526,525000,61017,11858,21205,4517,53676,44329,0
527,526000,61064,20733,12293,4471,44801,53242,0
528,527000,58365,30778,5387,7169,34756,60147,0
529,528000,53189,41002,1167,12345,24532,64367,0
530,529000,45940,50403,47,19594,15131,65487,0
531,530000,37398,58068,2104,28136,7466,63430,0
532,531000,28405,63248,7104,37129,2286,58430,0
533,532000,19842,65432,14657,45692,102,50877,0
534,533000,12543,64423,24002,52991,1112,41532,0
535,534000,7218,60364,34195,58316,5170,31339,0
536,535000,4391,53605,44234,61143,11929,21300,0
537,536000,4338,44744,53141,61196,20791,12393,0
538,537000,7026,34709,60049,58508,30825,5486,0
539,538000,12191,24487,64279,53343,41047,1255,0
540,539000,19435,15079,65412,46099,50455,123,0
541,540000,27978,7403,63364,37556,58131,2170,0
542,541000,36980,2210,58368,28554,63324,7166,0
543,542000,45555,16,50810,19980,65518,14725,0
544,543000,52864,1026,41453,12670,64508,24081,0
545,544000,58195,5092,31246,7339,60442,34288,0
546,545000,61020,11865,21195,4514,53669,44339,0
547,546000,61064,20741,12285,4470,44793,53249,0
548,547000,58363,30785,5382,7172,34749,60152,0
549,548000,53185,41008,1165,12349,24526,64369,0
550,549000,45935,50408,48,19599,15127,65486,0
551,550000,37393,58069,2109,28141,7465,63425,0
552,551000,28400,63246,7111,37134,2288,58423,0
553,552000,19839,65428,14665,45695,106,50869,0
554,553000,12542,64415,24011,52992,1119,41523,0
555,554000,7220,60353,34203,58314,5181,31331,0
556,555000,4395,53593,44241,61139,11941,21293,0
557,556000,4345,44730,53145,61189,20804,12389,0
558,557000,7036,34696,60050,58498,30838,5484,0
559,558000,12198,24475,64278,53336,41059,1256,0
560,559000,19442,15070,65407,46092,50465,127,0
561,560000,27986,7396,63356,37548,58138,2178,0
562,561000,36987,2206,58358,28547,63328,7176,0
563,562000,45560,16,50798,19974,65518,14736,0
564,563000,52867,1028,41441,12667,64506,24094,0
565,564000,58195,5098,31234,7339,60437,34300,0
566,565000,61018,11878,21185,4516,53656,44349,0
567,566000,61059,20755,12277,4476,44779,53257,0
568,567000,58355,30799,5377,7179,34735,60157,0
569,568000,53176,41021,1163,12358,24514,64371,0
570,569000,45924,50418,50,19610,15116,65484,0
571,570000,37382,58077,2113,28152,7457,63421,0
572,571000,28390,63251,7117,37144,2283,58417,0
573,572000,19831,65429,14673,45704,105,50861,0
574,573000,12536,64413,24020,52998,1121,41514,0
575,574000,7216,60349,34211,58318,5185,31323,0
576,575000,4395,53587,44248,61139,11948,21286,0
577,576000,4347,44723,53150,61187,20811,12384,0
578,577000,7040,34689,60052,58494,30845,5482,0
579,578000,12209,24469,64276,53325,41065,1258,0
580,579000,19455,15066,65402,46079,50468,132,0
581,580000,27999,7395,63349,37535,58139,2185,0
582,581000,36999,2208,58348,28535,63326,7186,0
583,582000,45571,21,50787,19963,65513,14748,0
584,583000,52876,1037,41429,12658,64497,24106,0
585,584000,58201,5108,31223,7333,60426,34311,0
586,585000,61021,11885,21175,4513,53649,44359,0
587,586000,61059,20762,12269,4475,44772,53265,0
588,587000,58353,30806,5372,7181,34728,60162,0
589,588000,53172,41027,1161,12362,24507,64373,0
590,589000,45919,50422,51,19615,15112,65483,0
591,590000,37377,58078,2117,28157,7456,63417,0
592,591000,28386,63249,7124,37148,2285,58410,0
593,592000,19828,65424,14682,45707,110,50853,0
594,593000,12535,64405,24028,52999,1129,41506,0
595,594000,7218,60339,34220,58316,5195,31315,0
596,595000,4399,53575,44255,61135,11960,21279,0
597,596000,4355,44710,53155,61179,20824,12379,0
598,597000,7050,34676,60054,58484,30858,5480,0
599,598000,12221,24457,64275,53313,41077,1259,0
600,599000,19468,15056,65397,46066,50478,137,0
601,600000,28011,7388,63341,37523,58146,2193,0
602,601000,37011,2204,58338,28523,63330,7196,0
603,602000,45581,21,50775,19953,65513,14759,0
604,603000,52884,1039,41417,12650,64495,24117,0
605,604000,58207,5113,31211,7327,60421,34323,0
606,605000,61023,11891,21165,4511,53643,44369,0
607,606000,61059,20770,12261,4475,44764,53273,0
608,607000,58351,30814,5368,7183,34720,60166,0
609,608000,53168,41033,1160,12366,24501,64374,0
610,609000,45914,50426,53,19620,15108,65481,0
611,610000,37372,58080,2122,28162,7454,63412,0
612,611000,28381,63248,7130,37153,2286,58404,0
613,612000,19825,65420,14690,45710,114,50845,0
614,613000,12535,64398,24037,53000,1136,41497,0
615,614000,7220,60329,34228,58314,5205,31306,0
616,615000,4404,53563,44262,61130,11971,21273,0
617,616000,4362,44698,53159,61172,20836,12375,0
618,617000,7060,34663,60056,58474,30871,5478,0
619,618000,12232,24446,64273,53302,41088,1261,0
620,619000,19480,15046,65393,46054,50488,141,0
621,620000,28024,7381,63333,37510,58153,2201,0
622,621000,37023,2200,58328,28511,63334,7206,0
623,622000,45592,20,50764,19942,65514,14770,0
624,623000,52892,1041,41405,12642,64493,24129,0
625,624000,58213,5118,31200,7322,60416,34334,0
626,625000,61026,11898,21155,4508,53636,44379,0
627,626000,61059,20777,12254,4475,44757,53280,0
628,627000,58348,30821,5363,7186,34713,60171,0
629,628000,53164,41039,1158,12370,24495,64376,0
630,629000,45910,50431,54,19625,15104,65480,0
631,630000,37367,58081,2126,28167,7453,63408,0
632,631000,28377,63246,7137,37157,2288,58397,0
633,632000,19822,65415,14698,45713,119,50837,0
634,633000,12534,64390,24045,53000,1144,41489,0
635,634000,7221,60319,34236,58313,5215,31298,0
636,635000,4408,53551,44268,61126,11983,21266,0
637,636000,4369,44685,53164,61165,20849,12370,0
638,637000,7069,34651,60057,58465,30883,5477,0
639,638000,12243,24434,64272,53291,41100,1262,0
640,639000,19492,15037,65388,46042,50497,146,0
641,640000,28037,7374,63326,37497,58160,2208,0
642,641000,37035,2197,58318,28499,63337,7216,0
643,642000,45602,19,50753,19932,65515,14781,0
644,643000,52901,1044,41393,12634,64490,24141,0
645,644000,58218,5123,31189,7316,60411,34345,0
646,645000,61029,11905,21145,4505,53630,44389,0
647,646000,61059,20785,12246,4475,44749,53288,0
648,647000,58346,30828,5358,7188,34706,60176,0
649,648000,53161,41045,1156,12374,24489,64378,0
650,649000,45905,50435,56,19629,15099,65478,0
651,650000,37362,58083,2130,28172,7451,63404,0
652,651000,28372,63245,7143,37162,2289,58391,0
653,652000,19819,65411,14711,45716,124,50823,0
654,653000,12533,64383,24060,53001,1151,41474,0
655,654000,7223,60309,34250,58311,5225,31284,0
656,655000,4413,53539,44281,61121,11995,21253,0
657,656000,4376,44672,53174,61158,20862,12360,0
658,657000,7079,34638,60065,58455,30896,5469,0
659,658000,12250,24423,64276,53284,41111,1258,0
660,659000,19500,15027,65390,46035,50507,145,0
661,660000,28044,7367,63325,37490,58167,2209,0
662,661000,37042,2193,58315,28493,63341,7219,0
663,662000,45607,19,50748,19927,65515,14786,0
664,663000,52904,1046,41388,12631,64488,24147,0
665,664000,58219,5128,31184,7316,60407,34350,0
666,665000,61027,11917,21141,4507,53617,44393,0
667,666000,61054,20798,12245,4480,44736,53290,0
668,667000,58339,30841,5359,7195,34693,60175,0
669,668000,53152,41057,1160,12382,24477,64374,0
670,669000,45895,50445,63,19639,15089,65471,0
671,670000,37352,58091,2140,28183,7444,63394,0
672,671000,28363,63249,7156,37171,2285,58378,0
673,672000,19810,65412,14719,45724,122,50815,0
674,673000,12527,64381,24068,53007,1153,41466,0
675,674000,7220,60305,34258,58314,5229,31277,0
676,675000,4412,53528,44287,61122,12006,21247,0
677,676000,4378,44660,53179,61156,20874,12356,0
678,677000,7083,34626,60067,58451,30908,5467,0
679,678000,12260,24411,64275,53274,41123,1259,0
680,679000,19512,15018,65385,46022,50516,149,0
681,680000,28056,7360,63317,37478,58174,2217,0
682,681000,37053,2189,58305,28481,63345,7229,0
683,682000,45617,18,50737,19917,65516,14797,0
684,683000,52912,1048,41376,12622,64486,24158,0
685,684000,58224,5132,31173,7310,60402,34361,0
686,685000,61030,11923,21132,4504,53611,44402,0
687,686000,61054,20805,12237,4480,44729,53297,0
688,687000,58337,30848,5354,7197,34686,60180,0
689,688000,53148,41063,1159,12386,24471,64375,0
690,689000,45890,50449,64,19644,15085,65470,0
691,690000,37347,58092,2145,28187,7442,63390,0
692,691000,28359,63248,7162,37176,2286,58372,0
693,692000,19808,65408,14727,45727,127,50807,0
694,693000,12526,64374,24076,53008,1160,41458,0
695,694000,7221,60295,34265,58313,5239,31269,0
696,695000,4416,53522,44294,61118,12012,21240,0
697,696000,4385,44653,53183,61149,20881,12351,0
698,697000,7092,34619,60068,58442,30915,5466,0
699,698000,12271,24406,64274,53263,41128,1260,0
700,699000,19524,15014,65381,46010,50520,153,0
701,700000,28069,7359,63310,37465,58175,2224,0
702,701000,37065,2191,58296,28469,63343,7238,0
703,702000,45627,23,50726,19907,65511,14808,0
704,703000,52920,1056,41365,12614,64478,24169,0
705,704000,58230,5143,31162,7304,60391,34372,0
706,705000,61033,11929,21122,4502,53605,44412,0
707,706000,61055,20812,12230,4479,44722,53304,0
708,707000,58335,30855,5350,7199,34679,60184,0
709,708000,53144,41069,1157,12390,24465,64377,0
710,709000,45885,50453,66,19649,15081,65468,0
711,710000,37342,58094,2149,28192,7440,63386,0
712,711000,28354,63246,7168,37180,2288,58366,0
713,712000,19805,65403,14734,45729,131,50800,0
714,713000,12525,64367,24084,53009,1167,41450,0
715,714000,7223,60286,34273,58311,5248,31261,0
716,715000,4420,53511,44300,61114,12023,21234,0
717,716000,4392,44641,53187,61142,20893,12347,0
718,717000,7101,34607,60070,58433,30927,5464,0
719,718000,12282,24395,64273,53252,41139,1262,0
720,719000,19536,15005,65376,45999,50529,158,0
721,720000,28081,7353,63303,37453,58181,2231,0
722,721000,37076,2187,58287,28458,63347,7248,0
723,722000,45638,23,50715,19897,65512,14819,0
724,723000,52928,1058,41354,12606,64476,24181,0
725,724000,58235,5147,31151,7299,60387,34383,0
726,725000,61035,11936,21113,4499,53598,44421,0
727,726000,61055,20819,12222,4479,44715,53312,0
728,727000,58333,30862,5345,7201,34672,60189,0
729,728000,53141,41075,1155,12393,24459,64379,0
730,729000,45881,50457,67,19653,15077,65467,0
731,730000,37337,58095,2152,28197,7439,63382,0
732,731000,28350,63245,7174,37184,2289,58360,0
733,732000,19802,65399,14742,45732,135,50792,0
734,733000,12524,64360,24092,53010,1174,41442,0
735,734000,7225,60276,34281,58310,5258,31253,0
736,735000,4425,53500,44307,61109,12035,21227,0
737,736000,4399,44629,53192,61135,20905,12342,0
738,737000,7110,34595,60072,58424,30939,5462,0
739,738000,12293,24384,64271,53241,41150,1263,0
740,739000,19547,14996,65372,45987,50538,162,0
741,740000,28093,7346,63296,37441,58188,2238,0
742,741000,37088,2183,58277,28446,63351,7257,0
743,742000,45648,22,50705,19887,65512,14830,0
744,743000,52936,1060,41342,12598,64474,24192,0
745,744000,58241,5152,31140,7293,60382,34394,0
746,745000,61038,11948,21103,4496,53586,44431,0
747,746000,61055,20832,12215,4479,44702,53319,0
748,747000,58331,30875,5340,7203,34659,60194,0
749,748000,53137,41087,1154,12397,24447,64381,0
750,749000,45876,50467,68,19658,15067,65466,0
751,750000,37332,58103,2156,28202,7431,63378,0
752,751000,28346,63250,7180,37188,2284,58354,0
753,752000,19799,65400,14749,45735,134,50785,0
754,753000,12524,64358,24100,53011,1176,41434,0
755,754000,7226,60273,34288,58308,5261,31246,0
756,755000,4429,53488,44313,61105,12046,21221,0
757,756000,4405,44617,53196,61129,20917,12338,0
758,757000,7119,34583,60074,58415,30951,5460,0
759,758000,12299,24373,64270,53235,41161,1264,0
760,759000,19554,14987,65368,45980,50547,166,0
761,760000,28100,7339,63289,37434,58195,2245,0
762,761000,37094,2180,58268,28440,63354,7266,0
763,762000,45652,21,50694,19882,65513,14840,0
764,763000,52938,1062,41331,12596,64472,24203,0
765,764000,58241,5156,31130,7293,60378,34405,0
766,765000,61036,11954,21094,4498,53580,44440,0
767,766000,61050,20839,12208,4484,44695,53326,0
768,767000,58325,30881,5335,7209,34653,60199,0
769,768000,53129,41093,1152,12405,24441,64382,0
770,769000,45867,50471,69,19668,15063,65465,0
771,770000,37322,58104,2160,28212,7430,63374,0
772,771000,28337,63248,7186,37198,2286,58348,0
773,772000,19791,65396,14757,45743,138,50778,0
774,773000,12517,64351,24108,53017,1183,41426,0
775,774000,7223,60263,34296,58311,5271,31238,0
776,775000,4428,53477,44320,61106,12057,21215,0
777,776000,4407,44605,53200,61127,20929,12334,0
778,777000,7123,34571,60075,58412,30963,5459,0
779,778000,12309,24362,64269,53225,41172,1265,0
780,779000,19566,14978,65364,45969,50557,171,0
781,780000,28112,7333,63282,37422,58201,2252,0
782,781000,37105,2176,58259,28429,63358,7275,0
783,782000,45662,20,50684,19872,65514,14851,0
784,783000,52946,1064,41320,12588,64470,24214,0
785,784000,58246,5160,31119,7288,60374,34415,0
786,785000,61039,11960,21085,4495,53574,44449,0
787,786000,61051,20846,12200,4483,44689,53334,0
788,787000,58323,30888,5331,7211,34646,60203,0
789,788000,53125,41098,1150,12409,24436,64384,0
790,789000,45862,50475,71,19672,15059,65464,0
791,790000,37317,58106,2164,28217,7428,63370,0
792,791000,28332,63247,7192,37202,2287,58342,0
793,792000,19788,65392,14764,45746,142,50770,0
794,793000,12517,64344,24116,53017,1190,41418,0
795,794000,7224,60254,34304,58310,5280,31231,0
796,795000,4432,53466,44326,61102,12068,21208,0
797,796000,4414,44593,53205,61120,20941,12329,0
798,797000,7131,34560,60077,58403,30975,5457,0
799,798000,12319,24351,64268,53215,41183,1266,0
800,799000,19577,14969,65359,45957,50566,175,0
801,800000,28123,7326,63275,37411,58208,2259,0
802,801000,37117,2172,58250,28418,63362,7284,0
803,802000,45672,19,50673,19862,65515,14861,0
804,803000,52954,1066,41309,12580,64468,24225,0
805,804000,58252,5165,31109,7282,60369,34426,0
806,805000,61041,11966,21076,4493,53568,44458,0
807,806000,61051,20852,12193,4483,44682,53341,0
808,807000,58321,30895,5326,7213,34639,60208,0
809,808000,53122,41104,1148,12412,24430,64386,0
810,809000,45858,50479,72,19676,15055,65462,0
811,810000,37313,58107,2168,28221,7427,63366,0
812,811000,28328,63246,7198,37206,2288,58336,0
813,812000,19786,65388,14771,45748,146,50763,0
814,813000,12516,64338,24124,53018,1197,41410,0
815,814000,7226,60245,34311,58308,5289,31223,0
816,815000,4436,53455,44332,61098,12079,21202,0
817,816000,4420,44581,53209,61114,20953,12325,0
818,817000,7140,34548,60079,58394,30986,5455,0
819,818000,12330,24340,64267,53204,41194,1267,0
820,819000,19589,14959,65355,45945,50575,179,0
821,820000,28135,7319,63268,37399,58215,2266,0
822,821000,37128,2168,58241,28406,63366,7293,0
823,822000,45682,19,50663,19852,65515,14871,0
824,823000,52962,1068,41299,12572,64466,24235,0
825,824000,58257,5169,31098,7277,60365,34436,0
826,825000,61044,11972,21067,4490,53562,44468,0
827,826000,61051,20859,12186,4483,44675,53348,0
828,827000,58319,30901,5322,7215,34633,60212,0
829,828000,53119,41110,1146,12416,24424,64388,0
830,829000,45853,50482,73,19681,15052,65461,0
831,830000,37308,58109,2172,28226,7425,63362,0
832,831000,28324,63245,7204,37210,2289,58330,0
833,832000,19783,65384,14784,45751,151,50750,0
834,833000,12515,64331,24138,53019,1203,41396,0
835,834000,7227,60236,34324,58307,5298,31210,0
836,835000,4440,53444,44344,61094,12090,21190,0
837,836000,4427,44570,53219,61107,20964,12315,0
838,837000,7149,34536,60087,58385,30998,5448,0
839,838000,12340,24330,64271,53194,41205,1263,0
840,839000,19600,14951,65357,45934,50584,177,0
841,840000,28147,7313,63267,37387,58221,2267,0
842,841000,37139,2165,58238,28395,63369,7296,0
843,842000,45691,18,50659,19843,65516,14876,0
844,843000,52970,1070,41294,12564,64464,24240,0
845,844000,58262,5173,31094,7272,60361,34440,0
846,845000,61047,11977,21063,4487,53557,44471,0
847,846000,61052,20866,12185,4482,44668,53349,0
848,847000,58318,30908,5323,7216,34626,60211,0
849,848000,53115,41115,1151,12419,24419,64383,0
850,849000,45849,50486,80,19685,15048,65454,0
851,850000,37304,58110,2181,28230,7424,63353,0
852,851000,28320,63243,7215,37214,2291,58319,0
853,852000,19780,65379,14791,45754,155,50743,0
854,853000,12514,64324,24145,53020,1210,41389,0
855,854000,7229,60226,34332,58305,5308,31202,0
856,855000,4444,53440,44350,61090,12095,21184,0
857,856000,4433,44564,53223,61101,20970,12311,0
858,857000,7158,34530,60088,58376,31004,5446,0
859,858000,12350,24325,64270,53184,41209,1264,0
860,859000,19611,14948,65353,45923,50587,181,0
861,860000,28158,7312,63261,37376,58222,2273,0
862,861000,37150,2167,58230,28384,63367,7305,0
863,862000,45701,23,50648,19833,65511,14886,0
864,863000,52977,1078,41283,12557,64456,24251,0
865,864000,58268,5183,31083,7266,60351,34451,0
866,865000,61050,11989,21054,4484,53545,44480,0
867,866000,61052,20878,12178,4482,44656,53356,0
868,867000,58316,30921,5318,7218,34614,60216,0
869,868000,53112,41127,1149,12422,24407,64385,0
870,869000,45845,50496,81,19689,15038,65453,0
871,870000,37299,58117,2185,28235,7417,63349,0
872,871000,28316,63248,7221,37218,2286,58313,0
873,872000,19778,65381,14799,45756,153,50736,0
874,873000,12514,64323,24153,53021,1211,41381,0
875,874000,7230,60223,34339,58304,5311,31195,0
876,875000,4448,53429,44356,61086,12105,21178,0
877,876000,4440,44552,53228,61094,20982,12307,0
878,877000,7166,34519,60090,58368,31015,5444,0
879,878000,12356,24314,64269,53178,41220,1265,0
880,879000,19617,14939,65349,45917,50595,185,0
881,880000,28165,7306,63254,37369,58228,2280,0
882,881000,37155,2163,58221,28379,63371,7313,0
883,882000,45705,22,50638,19829,65512,14896,0
884,883000,52980,1080,41272,12554,64454,24262,0
885,884000,58268,5187,31073,7266,60347,34461,0
886,885000,61047,11995,21045,4487,53539,44489,0
887,886000,61047,20885,12171,4487,44649,53363,0
888,887000,58309,30927,5314,7225,34607,60220,0
889,888000,53103,41132,1147,12431,24402,64387,0
890,889000,45835,50500,82,19699,15034,65452,0
891,890000,37289,58119,2189,28245,7415,63345,0
892,891000,28307,63247,7227,37227,2287,58307,0
893,892000,19770,65377,14806,45764,157,50728,0
894,893000,12508,64316,24161,53027,1218,41373,0
895,894000,7227,60214,34346,58307,5320,31188,0
896,895000,4447,53418,44363,61087,12116,21172,0
897,896000,4441,44541,53232,61093,20993,12302,0
898,897000,7170,34507,60091,58364,31027,5443,0
899,898000,12366,24304,64268,53168,41230,1266,0
900,899000,19629,14930,65345,45905,50604,189,0
901,900000,28176,7299,63247,37358,58235,2287,0
902,901000,37166,2160,58212,28368,63374,7322,0
903,902000,45715,21,50628,19819,65513,14906,0
904,903000,52987,1082,41262,12547,64452,24272,0
905,904000,58273,5192,31063,7261,60343,34471,0
906,905000,61050,12001,21036,4484,53533,44498,0
907,906000,61048,20891,12164,4486,44643,53370,0
908,907000,58307,30933,5310,7227,34601,60224,0
909,908000,53100,41138,1146,12434,24396,64388,0
910,909000,45831,50504,83,19703,15031,65451,0
911,910000,37285,58120,2192,28249,7414,63342,0
912,911000,28303,63245,7232,37231,2289,58302,0
913,912000,19767,65373,14813,45767,161,50721,0
914,913000,12507,64309,24168,53027,1225,41366,0
915,914000,7228,60205,34354,58306,5329,31180,0
916,915000,4451,53408,44369,61083,12127,21165,0
917,916000,4448,44529,53236,61087,21005,12298,0
918,917000,7178,34496,60093,58356,31038,5441,0
919,918000,12376,24293,64266,53158,41241,1268,0
920,919000,19640,14921,65341,45894,50613,193,0
921,920000,28187,7293,63241,37347,58241,2293,0
922,921000,37177,2156,58204,28357,63378,7331,0
923,922000,45724,21,50618,19810,65513,14916,0
924,923000,52995,1084,41251,12539,64450,24283,0
925,924000,58278,5196,31053,7256,60338,34481,0
926,925000,61053,12006,21028,4481,53528,44507,0
927,926000,61048,20898,12157,4486,44636,53377,0
928,927000,58305,30940,5305,7229,34594,60229,0
929,928000,53097,41143,1144,12438,24391,64390,0
930,929000,45827,50507,85,19707,15027,65449,0
931,930000,37281,58122,2196,28253,7412,63338,0
932,931000,28300,63244,7238,37234,2290,58296,0
933,932000,19765,65369,14820,45770,165,50714,0
934,933000,12506,64303,24176,53028,1231,41358,0
935,934000,7230,60196,34361,58304,5338,31173,0
936,935000,4455,53397,44375,61079,12137,21159,0
937,936000,4454,44518,53240,61080,21016,12294,0
938,937000,7187,34485,60095,58347,31050,5439,0
939,938000,12386,24283,64265,53148,41251,1269,0
940,939000,19651,14912,65337,45883,50622,197,0
941,940000,28199,7287,63234,37335,58247,2300,0
942,941000,37188,2152,58195,28346,63382,7339,0
943,942000,45734,20,50608,19800,65514,14926,0
944,943000,53002,1086,41241,12532,64448,24293,0
945,944000,58284,5200,31043,7251,60334,34491,0
946,945000,61056,12012,21019,4478,53522,44515,0
947,946000,61048,20904,12150,4486,44630,53384,0
948,947000,58303,30946,5301,7231,34588,60233,0
949,948000,53089,41149,1143,12446,24386,64391,0
950,949000,45817,50511,86,19717,15023,65448,0
951,950000,37271,58123,2200,28263,7411,63334,0
952,951000,28291,63243,7244,37243,2291,58290,0
953,952000,19757,65365,14827,45777,169,50708,0
954,953000,12500,64296,24183,53034,1238,41351,0
955,954000,7226,60188,34368,58308,5347,31166,0
956,955000,4454,53387,44381,61080,12147,21153,0
957,956000,4455,44507,53244,61079,21027,12290,0
958,957000,7190,34473,60096,58344,31061,5438,0
959,958000,12391,24272,64264,53143,41262,1270,0
960,959000,19657,14904,65333,45877,50630,201,0
961,960000,28205,7280,63228,37329,58254,2306,0
962,961000,37193,2149,58187,28341,63385,7348,0
963,962000,45738,19,50599,19796,65515,14936,0
964,963000,53005,1088,41231,12529,64446,24303,0
965,964000,58284,5204,31033,7251,60330,34501,0
966,965000,61053,12018,21010,4481,53517,44524,0
967,966000,61043,20911,12144,4491,44623,53390,0
968,967000,58297,30952,5297,7237,34582,60237,0
969,968000,53085,41154,1141,12449,24380,64393,0
970,969000,45813,50515,87,19721,15019,65447,0
971,970000,37267,58124,2203,28267,7410,63331,0
972,971000,28287,63242,7249,37247,2293,58285,0
973,972000,19754,65361,14833,45780,173,50701,0
974,973000,12500,64289,24191,53035,1245,41343,0
975,974000,7228,60179,34375,58306,5355,31159,0
976,975000,4458,53376,44387,61076,12158,21148,0
977,976000,4462,44496,53248,61073,21039,12286,0
978,977000,7198,34462,60098,58336,31072,5436,0
979,978000,12401,24262,64263,53133,41272,1271,0
980,979000,19668,14895,65329,45866,50639,205,0
981,980000,28216,7274,63222,37318,58260,2313,0
982,981000,37204,2145,58178,28331,63389,7356,0
983,982000,45747,18,50589,19787,65516,14945,0
984,983000,53012,1090,41220,12522,64444,24314,0
985,984000,58289,5208,31023,7245,60326,34511,0
986,985000,61056,12023,21001,4478,53511,44533,0
987,986000,61044,20917,12137,4490,44617,53397,0
988,987000,58295,30959,5292,7239,34575,60242,0
989,988000,53082,41159,1139,12453,24375,64395,0
990,989000,45809,50518,88,19725,15016,65446,0
991,990000,37263,58126,2207,28272,7408,63327,0
992,991000,28283,63240,7255,37251,2294,58279,0
993,992000,19752,65357,14840,45782,177,50694,0
994,993000,12499,64283,24198,53035,1251,41336,0
995,994000,7229,60170,34382,58305,5364,31152,0
996,995000,4462,53366,44392,61072,12168,21142,0
997,996000,4468,44484,53252,61066,21050,12282,0
998,997000,7207,34451,60099,58327,31083,5435,0
999,998000,12411,24252,64262,53123,41282,1272,0
1000,999000,19679,14887,65325,45856,50647,209,0
1001,1000000,28227,7268,63215,37307,58266,2319,0
1002,1001000,29884,6115,60312,35651,59419,5222,1
1003,1002000,29910,6127,59219,35624,59407,6315,1
1004,1003000,29946,6146,57479,35588,59388,8055,1
1005,1004000,29991,6176,55861,35543,59358,9673,1
1006,1005000,30045,6221,54118,35489,59314,11416,1
1007,1006000,30102,6279,53009,35432,59255,12525,1
1008,1007000,30160,6349,52015,35374,59185,13519,1
1009,1008000,30216,6430,51547,35318,59104,13987,1
1010,1009000,30260,6520,52376,35275,59014,13158,1
1011,1010000,30294,6607,52948,35240,58927,12586,1
1012,1011000,30319,6694,54152,35215,58840,11382,1
1013,1012000,30329,6776,55776,35205,58758,9758,1
1014,1013000,30328,6845,57652,35206,58689,7882,1
1015,1014000,30316,6902,59285,35218,58633,6249,1
1016,1015000,30297,6944,60914,35237,58590,4620,1
1017,1016000,30273,6971,62251,35261,58563,3283,1
1018,1017000,30250,6984,62984,35284,58550,2550,1
1019,1018000,30229,6986,63398,35305,58548,2136,1
1020,1019000,30215,6980,63226,35319,58554,2308,1
1021,1020000,30211,6969,62521,35323,58565,3013,1
1022,1021000,30218,6959,61325,35316,58575,4209,1
1023,1022000,30236,6954,59895,35298,58580,5639,1
1024,1023000,30266,6957,58245,35268,58577,7290,1
1025,1024000,30306,6972,56505,35229,58562,9029,1
1026,1025000,30352,7000,55041,35182,58534,10493,1
1027,1026000,30402,7042,53831,35132,58492,11704,1
1028,1027000,30452,7096,53018,35082,58438,12516,1
1029,1028000,30498,7161,52743,35036,58373,12791,1
1030,1029000,30536,7232,53021,34998,58302,12513,1
1031,1030000,30565,7306,53786,34969,58228,11748,1
1032,1031000,30582,7378,54995,34952,58156,10539,1
1033,1032000,30587,7443,56522,34947,58091,9012,1
1034,1033000,30581,7499,58180,34953,58035,7354,1
1035,1034000,30565,7542,59847,34969,57992,5687,1
1036,1035000,30542,7571,61369,34992,57963,4165,1
1037,1036000,30516,7587,62543,35019,57947,2991,1
1038,1037000,30489,7589,63299,35045,57945,2235,1
1039,1038000,30467,7581,63576,35067,57953,1958,1
1040,1039000,30451,7565,63330,35083,57969,2204,1
1041,1040000,30444,7547,62593,35090,57987,2941,1
1042,1041000,30449,7529,61432,35085,58005,4102,1
1043,1042000,30465,7517,59959,35069,58017,5575,1
1044,1043000,30492,7513,58331,35042,58021,7203,1
1045,1044000,30527,7522,56710,35007,58012,8824,1
1046,1045000,30569,7543,55256,34965,57991,10279,1
1047,1046000,30615,7578,54094,34919,57956,11440,1
1048,1047000,30660,7625,53371,34874,57909,12163,1
1049,1048000,30701,7682,53155,34833,57852,12379,1
1050,1049000,30735,7745,53456,34799,57789,12078,1
1051,1050000,30759,7810,54249,34775,57724,11285,1
1052,1051000,30771,7873,55453,34763,57661,10081,1
1053,1052000,30772,7930,56950,34762,57604,8584,1
1054,1053000,30762,7977,58585,34772,57557,6949,1
1055,1054000,30743,8012,60194,34791,57522,5340,1
1056,1055000,30718,8033,61622,34816,57501,3912,1
1057,1056000,30689,8040,62728,34845,57494,2806,1
1058,1057000,30661,8036,63413,34873,57498,2121,1
1059,1058000,30638,8021,63610,34896,57513,1924,1
1060,1059000,30621,8000,63294,34913,57534,2240,1
1061,1060000,30614,7977,62506,34920,57557,3028,1
1062,1061000,30618,7955,61320,34917,57579,4214,1
1063,1062000,30633,7939,59850,34902,57595,5684,1
1064,1063000,30658,7933,58244,34876,57601,7290,1
1065,1064000,30692,7938,56641,34842,57596,8893,1
1066,1065000,30732,7956,55226,34803,57578,10308,1
1067,1066000,30774,7988,54140,34760,57546,11395,1
1068,1067000,30816,8031,53490,34718,57503,12044,1
1069,1068000,30853,8083,53335,34681,57451,12199,1
1070,1069000,30883,8141,53691,34651,57394,11844,1
1071,1070000,30903,8200,54521,34631,57334,11013,1
1072,1071000,30912,8257,55740,34622,57277,9794,1
1073,1072000,30909,8307,57226,34625,57227,8308,1
1074,1073000,30896,8348,58825,34638,57186,6709,1
1075,1074000,30875,8376,60379,34659,57158,5156,1
1076,1075000,30848,8391,61735,34686,57143,3799,1
1077,1076000,30819,8393,62763,34715,57141,2771,1
1078,1077000,30790,8384,63361,34744,57150,2173,1
1079,1078000,30767,8365,63474,34768,57169,2060,1
1080,1079000,30750,8341,63090,34784,57193,2444,1
1081,1080000,30743,8315,62251,34791,57219,3283,1
1082,1081000,30747,8291,61037,34787,57243,4497,1
1083,1082000,30762,8274,59567,34772,57261,5967,1
1084,1083000,30787,8266,57974,34747,57268,7560,1
1085,1084000,30820,8270,56427,34714,57264,9107,1
1086,1085000,30858,8287,55086,34676,57247,10448,1
1087,1086000,30898,8317,54085,34636,57217,11449,1
1088,1087000,30936,8357,53521,34598,57177,12013,1
1089,1088000,30971,8407,53445,34563,57127,12089,1
1090,1089000,30997,8461,53865,34537,57073,11669,1
1091,1090000,31014,8516,54736,34520,57018,10798,1
1092,1091000,31020,8568,55971,34515,56966,9563,1
1093,1092000,31014,8614,57443,34520,56920,8091,1
1094,1093000,31000,8649,59003,34535,56885,6531,1
1095,1094000,30977,8673,60494,34557,56862,5040,1
1096,1095000,30949,8683,61770,34585,56851,3764,1
1097,1096000,30919,8681,62707,34615,56853,2827,1
1098,1097000,30891,8668,63212,34643,56866,2322,1
1099,1098000,30868,8647,63238,34666,56888,2296,1
1100,1099000,30852,8620,62783,34682,56914,2751,1
1101,1100000,30846,8593,61895,34688,56941,3639,1
1102,1101000,30851,8569,60660,34683,56965,4874,1
1103,1102000,30867,8552,59202,34668,56982,6332,1
1104,1103000,30891,8544,57646,34643,56990,7888,1
1105,1104000,30923,8549,56169,34611,56986,9365,1
1106,1105000,30960,8565,54917,34574,56969,10617,1
1107,1106000,30998,8595,54013,34536,56940,11521,1
1108,1107000,31034,8634,53545,34500,56900,11989,1
1109,1108000,31065,8681,53554,34469,56853,11981,1
1110,1109000,31088,8733,54038,34446,56801,11496,1
1111,1110000,31102,8784,54947,34432,56750,10587,1
1112,1111000,31105,8832,56191,34429,56702,9343,1
1113,1112000,31098,8873,57638,34436,56661,7896,1
1114,1113000,31081,8904,59143,34453,56630,6391,1
1115,1114000,31057,8923,60556,34477,56611,4978,1
1116,1115000,31029,8930,61737,34505,56604,3797,1
1117,1116000,31000,8925,62571,34534,56609,2963,1
1118,1117000,30973,8909,62976,34561,56625,2558,1
1119,1118000,30951,8887,62912,34583,56648,2622,1
1120,1119000,30937,8860,62391,34597,56674,3143,1
1121,1120000,30933,8833,61464,34601,56701,4070,1
1122,1121000,30939,8809,60223,34595,56725,5312,1
1123,1122000,30955,8793,58790,34579,56741,6744,1
1124,1123000,30980,8787,57296,34554,56747,8238,1
1125,1124000,31011,8792,55908,34523,56742,9626,1
1126,1125000,31046,8810,54761,34488,56724,10774,1
1127,1126000,31082,8839,53965,34452,56695,11569,1
1128,1127000,31116,8877,53599,34419,56657,11935,1
1129,1128000,31144,8923,53693,34391,56612,11841,1
1130,1129000,31164,8971,54237,34370,56563,11297,1
1131,1130000,31175,9020,55174,34359,56514,10360,1
1132,1131000,31175,9064,56410,34359,56470,9124,1
1133,1132000,31166,9101,57814,34368,56433,7720,1
1134,1133000,31149,9128,59245,34385,56407,6289,1
1135,1134000,31125,9143,60561,34409,56391,4973,1
1136,1135000,31097,9146,61632,34437,56388,3902,1
1137,1136000,31069,9139,62353,34465,56395,3181,1
1138,1137000,31044,9122,62653,34490,56412,2881,1
1139,1138000,31024,9099,62503,34510,56436,3031,1
1140,1139000,31012,9072,61924,34522,56462,3610,1
1141,1140000,31009,9046,60974,34525,56488,4560,1
1142,1141000,31016,9025,59749,34518,56509,5785,1
1143,1142000,31033,9010,58365,34501,56524,7169,1
1144,1143000,31058,9006,56957,34477,56528,8577,1
1145,1144000,31088,9013,55677,34446,56521,9857,1
1146,1145000,31121,9031,54648,34413,56503,10886,1
1147,1146000,31155,9060,53970,34379,56474,11564,1
1148,1147000,31185,9098,53707,34349,56437,11827,1
1149,1148000,31210,9141,53880,34324,56393,11654,1
1150,1149000,31228,9187,54472,34306,56347,11062,1
1151,1150000,31236,9232,55419,34298,56302,10115,1
1152,1151000,31235,9272,56624,34299,56262,8910,1
1153,1152000,31224,9305,57962,34310,56229,7572,1
1154,1153000,31206,9328,59297,34328,56206,6237,1
1155,1154000,31183,9340,60497,34351,56194,5037,1
1156,1155000,31156,9341,61445,34378,56193,4089,1
1157,1156000,31130,9332,62047,34404,56202,3487,1
1158,1157000,31107,9314,62243,34427,56220,3291,1
1159,1158000,31089,9291,62018,34445,56243,3516,1
1160,1159000,31080,9266,61398,34454,56268,4136,1
1161,1160000,31079,9243,60447,34455,56292,5087,1
1162,1161000,31087,9223,59264,34447,56311,6270,1
1163,1162000,31104,9212,57958,34430,56322,7576,1
1164,1163000,31128,9210,56659,34406,56325,8875,1
1165,1164000,31157,9218,55505,34377,56316,10029,1
1166,1165000,31188,9237,54605,34346,56297,10929,1
1167,1166000,31219,9265,54047,34315,56269,11487,1
1168,1167000,31247,9301,53882,34287,56233,11653,1
1169,1168000,31269,9342,54122,34266,56192,11412,1
1170,1169000,31283,9385,54740,34251,56149,10794,1
1171,1170000,31289,9426,55673,34245,56108,9861,1
1172,1171000,31286,9462,56820,34248,56072,8714,1
1173,1172000,31275,9491,58065,34259,56043,7469,1
1174,1173000,31257,9511,59281,34277,56023,6253,1
1175,1174000,31235,9520,60350,34299,56014,5185,1
1176,1175000,31210,9519,61165,34324,56015,4369,1
1177,1176000,31186,9509,61648,34348,56025,3887,1
1178,1177000,31166,9493,61750,34368,56042,3784,1
1179,1178000,31151,9471,61466,34383,56063,4068,1
1180,1179000,31143,9448,60831,34391,56086,4703,1
1181,1180000,31144,9427,59909,34390,56107,5625,1
1182,1181000,31153,9411,58798,34381,56123,6736,1
1183,1182000,31170,9402,57599,34364,56132,7935,1
1184,1183000,31193,9402,56432,34341,56132,9103,1
1185,1184000,31220,9412,55417,34314,56122,10117,1
1186,1185000,31249,9431,54652,34285,56103,10882,1
1187,1186000,31276,9459,54209,34258,56075,11325,1
1188,1187000,31301,9493,54128,34233,56041,11406,1
1189,1188000,31320,9531,54413,34214,56003,11121,1
1190,1189000,31332,9570,55032,34203,55964,10502,1
1191,1190000,31336,9607,55918,34199,55927,9616,1
1192,1191000,31332,9639,56978,34202,55895,8556,1
1193,1192000,31320,9664,58102,34214,55870,7432,1
1194,1193000,31304,9681,59180,34231,55853,6354,1
1195,1194000,31283,9688,60104,34251,55846,5430,1
1196,1195000,31261,9686,60785,34273,55848,4749,1
1197,1196000,31240,9677,61156,34294,55857,4378,1
1198,1197000,31222,9661,61182,34312,55873,4352,1
1199,1198000,31210,9642,60867,34324,55892,4668,1
1200,1199000,31205,9622,60247,34329,55912,5287,1
1201,1200000,31207,9605,59388,34327,55929,6146,1
1202,1201000,31216,9592,58380,34318,55942,7154,1
1203,1202000,31232,9586,57317,34302,55948,8217,1
1204,1203000,31254,9588,56298,34280,55946,9236,1
1205,1204000,31278,9598,55431,34256,55936,10103,1
1206,1205000,31304,9617,54798,34231,55917,10736,1
1207,1206000,31328,9643,54458,34206,55891,11076,1
1208,1207000,31349,9675,54439,34185,55860,11095,1
1209,1208000,31365,9709,54740,34169,55825,10794,1
1210,1209000,31375,9744,55324,34160,55790,10210,1
1211,1210000,31377,9777,56128,34157,55758,9406,1
1212,1211000,31373,9805,57068,34161,55729,8466,1
1213,1212000,31363,9826,58048,34171,55708,7486,1
1214,1213000,31348,9841,58970,34187,55694,6564,1
1215,1214000,31330,9847,59745,34205,55687,5789,1
1216,1215000,31311,9845,60298,34224,55689,5236,1
1217,1216000,31293,9837,60575,34241,55697,4959,1
1218,1217000,31278,9824,60553,34256,55711,4982,1
1219,1218000,31269,9808,60240,34265,55726,5295,1
1220,1219000,31265,9792,59673,34269,55742,5861,1
1221,1220000,31268,9778,58914,34266,55756,6620,1
1222,1221000,31277,9768,58040,34257,55766,7494,1
1223,1222000,31291,9764,57138,34243,55770,8396,1
1224,1223000,31310,9768,56282,34224,55766,9252,1
1225,1224000,31331,9778,55564,34203,55756,9970,1
1226,1225000,31353,9796,55051,34181,55738,10483,1
1227,1226000,31374,9820,54791,34160,55715,10743,1
1228,1227000,31392,9847,54803,34142,55687,10731,1
1229,1228000,31405,9878,55080,34129,55656,10454,1
1230,1229000,31413,9908,55589,34121,55626,9945,1
1231,1230000,31415,9936,56275,34119,55598,9259,1
1232,1231000,31412,9961,57064,34122,55573,8470,1
1233,1232000,31403,9980,57878,34131,55554,7656,1
1234,1233000,31391,9992,58636,34143,55542,6898,1
1235,1234000,31376,9998,59265,34158,55536,6269,1
1236,1235000,31360,9998,59706,34174,55536,5828,1
1237,1236000,31346,9992,59919,34188,55542,5615,1
1238,1237000,31335,9982,59886,34200,55552,5648,1
1239,1238000,31327,9970,59618,34207,55564,5916,1
1240,1239000,31324,9958,59148,34210,55576,6386,1
1241,1240000,31327,9948,58526,34207,55586,7008,1
1242,1241000,31335,9942,57815,34200,55593,7719,1
1243,1242000,31347,9940,57084,34187,55594,8450,1
1244,1243000,31362,9943,56401,34172,55591,9133,1
1245,1244000,31380,9953,55826,34154,55581,9709,1
1246,1245000,31398,9969,55414,34136,55566,10121,1
1247,1246000,31415,9989,55199,34119,55545,10335,1
1248,1247000,31430,10012,55198,34104,55522,10336,1
1249,1248000,31442,10038,55406,34093,55496,10128,1
1250,1249000,31449,10064,55796,34085,55471,9738,1
1251,1250000,31451,10088,56324,34083,55446,9210,1
1252,1251000,31449,10109,56936,34085,55425,8598,1
1253,1252000,31444,10126,57570,34091,55408,7964,1
1254,1253000,31434,10138,58165,34100,55396,7369,1
1255,1254000,31423,10145,58666,34111,55389,6868,1
1256,1255000,31412,10147,59027,34122,55387,6507,1
1257,1256000,31401,10145,59217,34133,55389,6317,1
1258,1257000,31392,10140,59223,34142,55395,6311,1
1259,1258000,31385,10132,59050,34149,55402,6484,1
1260,1259000,31383,10124,58722,34151,55410,6812,1
1261,1260000,31384,10118,58273,34150,55416,7261,1
1262,1261000,31389,10113,57748,34145,55421,7786,1
1263,1262000,31398,10112,57196,34136,55422,8338,1
1264,1263000,31410,10115,56665,34124,55419,8869,1
1265,1264000,31423,10123,56203,34111,55411,9331,1
1266,1265000,31438,10135,55848,34096,55399,9686,1
1267,1266000,31452,10150,55630,34082,55384,9904,1
1268,1267000,31464,10169,55562,34070,55365,9972,1
1269,1268000,31475,10189,55648,34059,55345,9886,1
1270,1269000,31482,10211,55872,34052,55323,9662,1
1271,1270000,31487,10231,56209,34047,55303,9325,1
1272,1271000,31488,10251,56624,34047,55284,8910,1
1273,1272000,31485,10267,57078,34049,55267,8456,1
1274,1273000,31480,10280,57528,34054,55254,8006,1
1275,1274000,31473,10290,57935,34061,55244,7599,1
1276,1275000,31465,10296,58264,34069,55238,7270,1
1277,1276000,31457,10298,58489,34077,55236,7045,1
1278,1277000,31450,10297,58593,34084,55237,6941,1
1279,1278000,31444,10295,58571,34090,55239,6963,1
1280,1279000,31440,10291,58429,34094,55243,7105,1
1281,1280000,31439,10287,58183,34095,55247,7351,1
1282,1281000,31441,10284,57854,34094,55251,7680,1
1283,1282000,31445,10282,57471,34089,55252,8063,1
1284,1283000,31452,10283,57065,34082,55251,8469,1
1285,1284000,31462,10287,56668,34073,55247,8866,1
1286,1285000,31472,10294,56314,34062,55240,9220,1
1287,1286000,31484,10304,56028,34050,55230,9506,1
1288,1287000,31495,10317,55832,34039,55217,9702,1
1289,1288000,31506,10333,55740,34028,55201,9794,1
1290,1289000,31515,10350,55757,34019,55184,9777,1
1291,1290000,31523,10369,55880,34011,55165,9654,1
1292,1291000,31527,10387,56096,34007,55147,9438,1
1293,1292000,31530,10405,56389,34004,55129,9145,1
1294,1293000,31529,10421,56735,34005,55113,8799,1
1295,1294000,31526,10434,57106,34008,55100,8428,1
1296,1295000,31521,10445,57473,34013,55089,8061,1
1297,1296000,31515,10453,57804,34019,55081,7730,1
1298,1297000,31508,10457,58073,34026,55077,7461,1
1299,1298000,31501,10459,58256,34033,55075,7278,1
1300,1299000,31494,10458,58337,34040,55076,7197,1
1301,1300000,31489,10455,58306,34045,55079,7228,1
1302,1301000,31486,10451,58162,34048,55083,7372,1
1303,1302000,31486,10447,57913,34048,55087,7621,1
1304,1303000,31489,10444,57578,34045,55090,7956,1
1305,1304000,31494,10443,57179,34040,55091,8355,1
1306,1305000,31502,10444,56749,34032,55090,8786,1
1307,1306000,31513,10449,56321,34021,55085,9213,1
1308,1307000,31525,10457,55934,34010,55077,9600,1
1309,1308000,31537,10468,55619,33997,55066,9915,1
1310,1309000,31550,10483,55406,33984,55051,10128,1
1311,1310000,31561,10501,55315,33973,55033,10219,1
1312,1311000,31571,10521,55362,33963,55013,10172,1
1313,1312000,31578,10542,55548,33956,54992,9986,1
1314,1313000,31582,10562,55862,33952,54972,9672,1
1315,1314000,31582,10582,56280,33952,54953,9254,1
1316,1315000,31579,10598,56769,33955,54936,8765,1
1317,1316000,31573,10611,57285,33961,54923,8250,1
1318,1317000,31564,10620,57779,33970,54914,7755,1
1319,1318000,31554,10625,58206,33980,54909,7329,1
1320,1319000,31543,10625,58519,33991,54909,7015,1
1321,1320000,31533,10621,58685,34001,54913,6849,1
1322,1321000,31525,10615,58679,34009,54919,6855,1
1323,1322000,31520,10606,58495,34014,54928,7039,1
1324,1323000,31519,10598,58144,34015,54937,7390,1
1325,1324000,31522,10590,57651,34013,54944,7883,1
1326,1325000,31529,10585,57058,34005,54949,8476,1
1327,1326000,31540,10584,56417,33994,54950,9117,1
1328,1327000,31554,10588,55786,33980,54946,9748,1
1329,1328000,31570,10598,55226,33964,54936,10308,1
1330,1329000,31588,10612,54794,33946,54922,10740,1
1331,1330000,31604,10632,54536,33930,54902,10998,1
1332,1331000,31619,10656,54484,33915,54878,11050,1
1333,1332000,31630,10682,54655,33904,54852,10879,1
1334,1333000,31637,10708,55038,33897,54826,10496,1
1335,1334000,31639,10734,55605,33895,54800,9929,1
1336,1335000,31636,10756,56303,33898,54778,9231,1
1337,1336000,31628,10774,57067,33906,54761,8467,1
1338,1337000,31615,10785,57821,33919,54749,7713,1
1339,1338000,31601,10791,58489,33934,54744,7046,1
1340,1339000,31584,10789,58998,33950,54745,6536,1
1341,1340000,31569,10782,59291,33965,54752,6243,1
1342,1341000,31556,10770,59331,33978,54764,6203,1
1343,1342000,31547,10756,59105,33987,54778,6429,1
1344,1343000,31544,10741,58631,33990,54794,6903,1
1345,1344000,31546,10727,57946,33988,54807,7588,1
1346,1345000,31554,10717,57114,33980,54818,8420,1
1347,1346000,31569,10712,56212,33966,54822,9323,1
1348,1347000,31587,10714,55328,33947,54820,10206,1
1349,1348000,31609,10724,54547,33925,54810,10988,1
1350,1349000,31631,10742,53954,33903,54792,11580,1
1351,1350000,31653,10766,53624,33881,54768,11911,1
1352,1351000,31672,10795,53590,33862,54739,11945,1
1353,1352000,31686,10828,53866,33848,54706,11668,1
1354,1353000,31694,10861,54433,33840,54673,11101,1
1355,1354000,31695,10892,55238,33839,54643,10296,1
1356,1355000,31689,10918,56205,33845,54616,9329,1
1357,1356000,31676,10938,57236,33858,54597,8298,1
1358,1357000,31659,10949,58226,33875,54585,7308,1
1359,1358000,31638,10952,59071,33896,54582,6463,1
1360,1359000,31617,10947,59679,33918,54588,5856,1
1361,1360000,31597,10934,59979,33938,54601,5555,1
1362,1361000,31580,10915,59935,33954,54619,5599,1
1363,1362000,31570,10894,59546,33964,54640,5988,1
1364,1363000,31567,10873,58847,33967,54662,6687,1
1365,1364000,31571,10854,57900,33963,54680,7634,1
1366,1365000,31583,10841,56798,33951,54693,8736,1
1367,1366000,31602,10836,55632,33932,54698,9902,1
1368,1367000,31626,10840,54536,33908,54694,10998,1
1369,1368000,31654,10854,53628,33881,54680,11906,1
1370,1369000,31681,10876,53005,33853,54658,12529,1
1371,1370000,31706,10907,52737,33828,54627,12797,1
1372,1371000,31727,10943,52856,33807,54591,12678,1
1373,1372000,31741,10982,53354,33793,54552,12180,1
1374,1373000,31747,11019,54185,33787,54515,11349,1
1375,1374000,31744,11053,55269,33790,54481,10265,1
1376,1375000,31733,11081,56495,33801,54454,9039,1
1377,1376000,31715,11099,57738,33819,54435,7796,1
1378,1377000,31692,11107,58865,33842,54427,6669,1
1379,1378000,31666,11105,59757,33868,54430,5777,1
1380,1379000,31641,11093,60315,33893,54442,5219,1
1381,1380000,31618,11073,60478,33916,54461,5056,1
1382,1381000,31602,11048,60226,33932,54486,5309,1
1383,1382000,31593,11021,59582,33941,54513,5952,1
1384,1383000,31593,10996,58608,33941,54538,6926,1
1385,1384000,31602,10976,57399,33932,54558,8135,1
1386,1385000,31620,10964,56059,33915,54570,9476,1
1387,1386000,31644,10962,54736,33890,54572,10799,1
1388,1387000,31673,10971,53578,33861,54563,11956,1
1389,1388000,31704,10991,52706,33830,54543,12828,1
1390,1389000,31734,11020,52212,33800,54514,13322,1
1391,1390000,31760,11057,52148,33774,54477,13386,1
1392,1391000,31779,11099,52523,33755,54435,13011,1
1393,1392000,31790,11141,53301,33744,54393,12234,1
1394,1393000,31792,11180,54402,33742,54354,11132,1
1395,1394000,31784,11214,55716,33751,54320,9818,1
1396,1395000,31767,11238,57107,33767,54296,8427,1
1397,1396000,31743,11251,58424,33791,54283,7110,1
1398,1397000,31716,11253,59527,33818,54281,6007,1
1399,1398000,31687,11244,60301,33847,54290,5233,1
1400,1399000,31661,11225,60663,33873,54309,4871,1
1401,1400000,31640,11200,60575,33894,54334,4959,1
1402,1401000,31626,11171,60048,33908,54363,5486,1
1403,1402000,31621,11142,59134,33913,54392,6400,1
1404,1403000,31627,11118,57926,33907,54416,7608,1
1405,1404000,31642,11100,56532,33893,54434,9002,1
1406,1405000,31664,11093,55101,33870,54441,10434,1
1407,1406000,31693,11097,53794,33841,54437,11740,1
1408,1407000,31725,11112,52751,33809,54422,12783,1
1409,1408000,31757,11139,52075,33777,54395,13459,1
1410,1409000,31786,11174,51835,33748,54360,13699,1
1411,1410000,31809,11215,52051,33725,54319,13483,1
1412,1411000,31824,11258,52704,33710,54276,12830,1
1413,1412000,31830,11300,53723,33704,54234,11811,1
1414,1413000,31825,11337,55003,33709,54197,10531,1
1415,1414000,31812,11365,56409,33722,54169,9125,1
1416,1415000,31790,11383,57790,33744,54151,7744,1
1417,1416000,31764,11390,58999,33770,54144,6535,1
1418,1417000,31735,11385,59909,33799,54149,5625,1
1419,1418000,31708,11370,60429,33826,54164,5105,1
1420,1419000,31684,11347,60507,33850,54187,5027,1
1421,1420000,31667,11319,60138,33867,54215,5396,1
1422,1421000,31659,11291,59366,33875,54244,6168,1
1423,1422000,31660,11264,58269,33874,54270,7265,1
1424,1423000,31671,11244,56959,33863,54290,8575,1
1425,1424000,31690,11233,55560,33844,54301,9974,1
1426,1425000,31716,11232,54238,33818,54302,11296,1
1427,1426000,31746,11243,53131,33788,54291,12403,1
1428,1427000,31777,11265,52350,33757,54269,13184,1
1429,1428000,31806,11295,51968,33728,54239,13567,1
1430,1429000,31831,11333,52017,33703,54201,13517,1
1431,1430000,31848,11373,52490,33686,54161,13044,1
1432,1431000,31857,11414,53334,33677,54120,12201,1
1433,1432000,31857,11451,54455,33677,54083,11079,1
1434,1433000,31848,11481,55735,33686,54053,9799,1
1435,1434000,31831,11503,57033,33703,54031,8501,1
1436,1435000,31808,11514,58213,33726,54020,7321,1
1437,1436000,31783,11514,59153,33751,54020,6381,1
1438,1437000,31757,11504,59760,33777,54030,5774,1
1439,1438000,31734,11487,59977,33800,54047,5557,1
1440,1439000,31716,11464,59787,33818,54070,5747,1
1441,1440000,31705,11439,59220,33829,54095,6314,1
1442,1441000,31703,11415,58339,33831,54119,7195,1
1443,1442000,31709,11395,57240,33825,54139,8294,1
1444,1443000,31724,11383,56032,33811,54151,9502,1
1445,1444000,31744,11379,54844,33790,54155,10690,1
1446,1445000,31769,11385,53806,33765,54149,11728,1
1447,1446000,31796,11400,53020,33738,54134,12514,1
1448,1447000,31822,11424,52558,33712,54110,12977,1
1449,1448000,31845,11455,52457,33689,54080,13078,1
1450,1449000,31863,11489,52718,33671,54045,12816,1
1451,1450000,31875,11525,53307,33660,54010,12227,1
1452,1451000,31878,11558,54155,33656,53976,11380,1
1453,1452000,31874,11587,55166,33660,53947,10369,1
1454,1453000,31864,11610,56229,33670,53924,9305,1
1455,1454000,31848,11624,57232,33687,53910,8302,1
1456,1455000,31828,11630,58075,33706,53904,7459,1
1457,1456000,31808,11627,58677,33726,53907,6857,1
1458,1457000,31788,11618,58982,33746,53917,6552,1
1459,1458000,31772,11603,58971,33762,53931,6563,1
1460,1459000,31761,11585,58655,33773,53949,6879,1
1461,1460000,31756,11567,58080,33778,53967,7454,1
1462,1461000,31758,11552,57312,33776,53982,8222,1
1463,1462000,31766,11541,56438,33769,53994,9096,1
1464,1463000,31779,11535,55547,33755,53999,9987,1
1465,1464000,31796,11537,54719,33738,53997,10815,1
1466,1465000,31816,11546,54043,33718,53989,11491,1
1467,1466000,31836,11561,53578,33698,53973,11956,1
1468,1467000,31855,11582,53360,33679,53952,12174,1
1469,1468000,31871,11606,53395,33663,53928,12139,1
1470,1469000,31883,11633,53667,33651,53901,11867,1
1471,1470000,31890,11660,54138,33644,53874,11396,1
1472,1471000,31892,11684,54750,33642,53850,10784,1
1473,1472000,31889,11705,55434,33645,53829,10100,1
1474,1473000,31881,11722,56119,33653,53812,9416,1
1475,1474000,31871,11733,56738,33663,53801,8796,1
1476,1475000,31859,11738,57237,33675,53796,8297,1
1477,1476000,31846,11739,57576,33688,53795,7958,1
1478,1477000,31834,11735,57732,33700,53799,7802,1
1479,1478000,31825,11728,57706,33709,53806,7828,1
1480,1479000,31818,11720,57513,33716,53814,8021,1
1481,1480000,31815,11712,57184,33719,53822,8350,1
1482,1481000,31816,11704,56758,33718,53830,8776,1
1483,1482000,31820,11699,56279,33714,53835,9255,1
1484,1483000,31827,11697,55790,33707,53837,9744,1
1485,1484000,31837,11699,55331,33697,53835,10203,1
1486,1485000,31849,11704,54935,33686,53830,10599,1
1487,1486000,31861,11713,54626,33673,53821,10908,1
1488,1487000,31873,11726,54420,33661,53808,11114,1
1489,1488000,31884,11740,54322,33650,53794,11212,1
1490,1489000,31894,11757,54331,33640,53777,11203,1
1491,1490000,31902,11775,54436,33632,53759,11098,1
1492,1491000,31908,11793,54625,33626,53741,10910,1
1493,1492000,31911,11810,54878,33623,53724,10656,1
1494,1493000,31912,11827,55180,33622,53707,10354,1
1495,1494000,31910,11841,55512,33624,53693,10022,1
1496,1495000,31906,11853,55854,33628,53681,9680,1
1497,1496000,31901,11863,56188,33633,53671,9346,1
1498,1497000,31894,11869,56496,33640,53665,9038,1
1499,1498000,31886,11873,56759,33648,53661,8775,1
1500,1499000,31878,11874,56959,33656,53660,8575,1
1501,1500000,31871,11872,57078,33663,53662,8456,1
1502,1501000,31864,11868,57099,33670,53666,8435,1
1503,1502000,31860,11863,57009,33674,53672,8525,1
1504,1503000,31858,11856,56806,33676,53678,8728,1
1505,1504000,31859,11851,56492,33675,53683,9042,1
1506,1505000,31864,11846,56082,33670,53688,9452,1
1507,1506000,31871,11844,55600,33663,53690,9934,1
1508,1507000,31882,11846,55082,33652,53688,10453,1
1509,1508000,31895,11851,54568,33639,53683,10966,1
1510,1509000,31910,11861,54106,33624,53673,11428,1
1511,1510000,31925,11876,53743,33609,53658,11791,1
1512,1511000,31940,11895,53524,33594,53639,12010,1
1513,1512000,31952,11917,53486,33582,53617,12048,1
1514,1513000,31962,11941,53651,33572,53593,11883,1
1515,1514000,31967,11966,54022,33567,53568,11513,1
1516,1515000,31968,11990,54575,33566,53544,10959,1
1517,1516000,31963,12011,55269,33571,53523,10265,1
1518,1517000,31954,12027,56041,33580,53507,9493,1
1519,1518000,31941,12037,56816,33593,53497,8718,1
1520,1519000,31925,12040,57512,33610,53494,8022,1
1521,1520000,31907,12036,58047,33627,53498,7487,1
1522,1521000,31891,12027,58352,33643,53507,7182,1
1523,1522000,31877,12012,58376,33657,53522,7158,1
1524,1523000,31868,11994,58100,33666,53540,7434,1
1525,1524000,31865,11976,57537,33669,53558,7997,1
1526,1525000,31869,11960,56732,33666,53574,8802,1
1527,1526000,31879,11948,55756,33655,53586,9778,1
1528,1527000,31896,11943,54699,33638,53591,10835,1
1529,1528000,31918,11947,53661,33616,53587,11873,1
1530,1529000,31943,11959,52766,33591,53575,12768,1
1531,1530000,31969,11981,52122,33565,53554,13412,1
1532,1531000,31993,12010,51811,33541,53525,13724,1
1533,1532000,32013,12044,51883,33521,53490,13652,1
1534,1533000,32026,12082,52346,33508,53452,13188,1
1535,1534000,32032,12119,53164,33502,53415,12370,1
1536,1535000,32029,12152,54261,33505,53382,11273,1
1537,1536000,32017,12179,55527,33517,53355,10007,1
1538,1537000,31997,12196,56829,33537,53338,8705,1
1539,1538000,31973,12203,58026,33561,53331,7508,1
1540,1539000,31945,12199,58980,33589,53336,6554,1
1541,1540000,31918,12184,59574,33616,53350,5960,1
1542,1541000,31895,12161,59730,33639,53373,5804,1
1543,1542000,31877,12132,59419,33657,53402,6115,1
1544,1543000,31869,12102,58669,33665,53432,6865,1
1545,1544000,31870,12075,57548,33664,53459,7986,1
1546,1545000,31882,12053,56163,33652,53481,9371,1
1547,1546000,31903,12040,54641,33631,53494,10893,1
1548,1547000,31931,12039,53161,33603,53495,12373,1
1549,1548000,31964,12051,51886,33570,53483,13648,1
1550,1549000,31999,12075,50965,33535,53459,14569,1
1551,1550000,32031,12110,50507,33503,53424,15027,1
1552,1551000,32058,12153,50568,33476,53381,14966,1
1553,1552000,32077,12200,51152,33457,53334,14382,1
1554,1553000,32085,12247,52202,33449,53288,13332,1
1555,1554000,32082,12288,53608,33452,53246,11926,1
1556,1555000,32068,12322,55224,33466,53212,10310,1
1557,1556000,32044,12344,56873,33490,53190,8661,1
1558,1557000,32014,12352,58375,33520,53182,7159,1
1559,1558000,31980,12346,59563,33554,53188,5971,1
1560,1559000,31946,12328,60298,33588,53206,5236,1
1561,1560000,31917,12300,60492,33617,53234,5042,1
1562,1561000,31895,12265,60123,33639,53269,5411,1
1563,1562000,31883,12228,59235,33651,53306,6299,1
1564,1563000,31884,12194,57922,33651,53340,7612,1
1565,1564000,31896,12167,56306,33638,53367,9228,1
1566,1565000,31919,12151,54552,33615,53383,10982,1
1567,1566000,31950,12148,52864,33584,53386,12670,1
1568,1567000,31987,12159,51432,33547,53375,14103,1
1569,1568000,32026,12184,50410,33508,53350,15124,1
1570,1569000,32062,12222,49914,33472,53312,15620,1
1571,1570000,32092,12267,49992,33442,53267,15542,1
1572,1571000,32113,12318,50629,33422,53217,14905,1
1573,1572000,32122,12367,51762,33412,53167,13772,1
1574,1573000,32120,12412,53265,33414,53122,12269,1
1575,1574000,32105,12448,54975,33429,53086,10559,1
1576,1575000,32081,12471,56706,33453,53063,8828,1
1577,1576000,32050,12481,58263,33484,53053,7271,1
1578,1577000,32015,12476,59479,33519,53058,6055,1
1579,1578000,31980,12458,60228,33554,53076,5306,1
1580,1579000,31949,12430,60430,33585,53104,5104,1
1581,1580000,31927,12395,60068,33607,53139,5466,1
1582,1581000,31914,12359,59192,33620,53175,6342,1
1583,1582000,31913,12325,57902,33621,53209,7632,1
1584,1583000,31924,12297,56328,33610,53237,9206,1
1585,1584000,31945,12281,54635,33589,53254,10899,1
1586,1585000,31975,12276,53023,33559,53258,12511,1
1587,1586000,32010,12286,51662,33524,53248,13872,1
1588,1587000,32046,12309,50692,33488,53225,14843,1
1589,1588000,32081,12342,50206,33454,53192,15328,1
1590,1589000,32109,12384,50244,33425,53150,15290,1
1591,1590000,32130,12431,50795,33404,53103,14739,1
1592,1591000,32141,12477,51790,33394,53057,13744,1
1593,1592000,32140,12519,53113,33394,53015,12421,1
1594,1593000,32129,12553,54616,33405,52981,10918,1
1595,1594000,32110,12577,56133,33425,52957,9401,1
1596,1595000,32083,12588,57500,33451,52946,8034,1
1597,1596000,32053,12587,58579,33481,52947,6955,1
1598,1597000,32023,12575,59263,33511,52959,6271,1
1599,1598000,31997,12554,59495,33538,52980,6039,1
1600,1599000,31976,12527,59261,33558,53007,6274,1
1601,1600000,31963,12497,58603,33571,53037,6931,1
1602,1601000,31960,12470,57605,33574,53064,7929,1
1603,1602000,31967,12447,56382,33568,53087,9152,1
1604,1603000,31982,12432,55051,33552,53103,10483,1
1605,1604000,32004,12426,53768,33531,53108,11766,1
1606,1605000,32030,12431,52660,33504,53103,12874,1
1607,1606000,32059,12447,51831,33475,53088,13703,1
1608,1607000,32087,12471,51353,33447,53063,14181,1
1609,1608000,32111,12502,51257,33423,53032,14278,1
1610,1609000,32130,12537,51535,33404,52997,13999,1
1611,1610000,32142,12574,52142,33392,52960,13392,1
1612,1611000,32146,12608,52999,33388,52926,12535,1
1613,1612000,32143,12638,54007,33391,52896,11527,1
1614,1613000,32133,12661,55056,33401,52873,10478,1
1615,1614000,32117,12677,56043,33417,52857,9491,1
1616,1615000,32098,12684,56876,33436,52850,8658,1
1617,1616000,32078,12683,57484,33456,52851,8050,1
1618,1617000,32059,12675,57822,33475,52859,7712,1
1619,1618000,32042,12663,57876,33492,52872,7658,1
1620,1619000,32029,12647,57661,33505,52888,7873,1
1621,1620000,32022,12630,57219,33512,52904,8315,1
1622,1621000,32020,12614,56605,33514,52920,8929,1
1623,1622000,32024,12601,55885,33510,52933,9649,1
1624,1623000,32033,12593,55127,33501,52941,10407,1
1625,1624000,32047,12590,54394,33488,52944,11140,1
1626,1625000,32063,12593,53733,33471,52941,11801,1
1627,1626000,32081,12602,53198,33453,52932,12336,1
1628,1627000,32099,12616,52824,33435,52918,12710,1
1629,1628000,32116,12635,52627,33418,52899,12907,1
1630,1629000,32131,12657,52605,33403,52877,12929,1
1631,1630000,32143,12682,52750,33391,52853,12784,1
1632,1631000,32151,12706,53042,33383,52828,12492,1
1633,1632000,32156,12731,53455,33378,52803,12079,1
1634,1633000,32156,12753,53960,33378,52781,11574,1
1635,1634000,32152,12772,54527,33382,52762,11007,1
1636,1635000,32144,12788,55119,33390,52746,10415,1
1637,1636000,32133,12799,55700,33401,52735,9834,1
1638,1637000,32120,12805,56231,33414,52729,9303,1
1639,1638000,32106,12806,56678,33428,52728,8856,1
1640,1639000,32092,12802,57005,33442,52732,8529,1
1641,1640000,32078,12794,57180,33456,52740,8354,1
1642,1641000,32067,12782,57177,33467,52752,8357,1
1643,1642000,32060,12769,56981,33474,52765,8554,1
1644,1643000,32057,12754,56591,33477,52780,8943,1
1645,1644000,32059,12741,56022,33475,52793,9512,1
1646,1645000,32066,12731,55306,33468,52803,10228,1
1647,1646000,32079,12725,54492,33455,52809,11042,1
1648,1647000,32096,12725,53638,33438,52809,11896,1
1649,1648000,32117,12733,52826,33417,52802,12709,1
1650,1649000,32139,12747,52139,33395,52787,13395,1
1651,1650000,32162,12769,51657,33372,52765,13877,1
1652,1651000,32183,12797,51445,33352,52737,14089,1
1653,1652000,32199,12830,51547,33335,52704,13987,1
1654,1653000,32210,12865,51978,33324,52669,13556,1
1655,1654000,32214,12899,52719,33320,52635,12815,1
1656,1655000,32210,12930,53714,33324,52604,11820,1
1657,1656000,32198,12955,54874,33336,52579,10660,1
1658,1657000,32180,12971,56087,33355,52563,9447,1
1659,1658000,32156,12978,57225,33379,52556,8309,1
1660,1659000,32129,12974,58159,33405,52561,7375,1
1661,1660000,32102,12960,58772,33432,52575,6762,1
1662,1661000,32079,12937,58978,33456,52597,6556,1
1663,1662000,32061,12909,58733,33473,52625,6801,1
1664,1663000,32052,12879,58046,33483,52655,7488,1
1665,1664000,32052,12851,56971,33482,52683,8563,1
1666,1665000,32063,12828,55598,33471,52706,9936,1
1667,1666000,32083,12814,54051,33451,52720,11483,1
1668,1667000,32112,12812,52507,33422,52723,13027,1
1669,1668000,32146,12822,51140,33388,52712,14395,1
1670,1669000,32182,12846,50100,33352,52688,15434,1
1671,1670000,32216,12881,49523,33318,52653,16012,1
1672,1671000,32245,12926,49491,33289,52609,16043,1
1673,1672000,32266,12975,50027,33268,52559,15507,1
1674,1673000,32276,13025,51089,33258,52509,14445,1
1675,1674000,32274,13070,52566,33260,52464,12968,1
1676,1675000,32259,13107,54303,33275,52427,11231,1
1677,1676000,32234,13132,56118,33300,52403,9416,1
1678,1677000,32201,13142,57812,33333,52392,7722,1
1679,1678000,32163,13137,59186,33371,52398,6348,1
1680,1679000,32126,13117,60069,33408,52417,5465,1
1681,1680000,32092,13086,60351,33442,52448,5183,1
1682,1681000,32067,13047,59998,33467,52487,5536,1
1683,1682000,32053,13006,59052,33481,52528,6482,1
1684,1683000,32052,12967,57604,33482,52567,7930,1
1685,1684000,32065,12936,55788,33469,52598,9746,1
1686,1685000,32090,12917,53796,33444,52617,11738,1
1687,1686000,32125,12913,51857,33409,52621,13677,1
1688,1687000,32167,12925,50193,33367,52609,15341,1
1689,1688000,32210,12953,49002,33324,52581,16532,1
1690,1689000,32251,12995,48424,33283,52539,17110,1
1691,1690000,32285,13047,48521,33249,52487,17013,1
1692,1691000,32308,13104,49274,33226,52431,16260,1
1693,1692000,32318,13160,50604,33216,52374,14930,1
1694,1693000,32314,13210,52361,33220,52324,13173,1
1695,1694000,32297,13249,54354,33237,52285,11180,1
1696,1695000,32268,13275,56361,33266,52259,9173,1
1697,1696000,32231,13284,58150,33304,52250,7384,1
1698,1697000,32190,13276,59517,33345,52258,6017,1
1699,1698000,32150,13254,60312,33385,52280,5222,1
1700,1699000,32115,13221,60458,33419,52314,5076,1
1701,1700000,32090,13180,59955,33444,52354,5579,1
1702,1701000,32077,13138,58870,33457,52396,6664,1
1703,1702000,32078,13100,57322,33457,52434,8212,1
1704,1703000,32092,13071,55457,33442,52463,10077,1
1705,1704000,32118,13054,53491,33416,52480,12043,1
1706,1705000,32153,13053,51654,33381,52481,13880,1
1707,1706000,32193,13067,50150,33341,52467,15384,1
1708,1707000,32235,13096,49141,33300,52438,16393,1
1709,1708000,32272,13137,48723,33262,52397,16811,1
1710,1709000,32303,13186,48922,33231,52348,16612,1
1711,1710000,32324,13239,49702,33210,52295,15832,1
1712,1711000,32332,13291,50969,33202,52243,14565,1
1713,1712000,32328,13336,52569,33206,52198,12965,1
1714,1713000,32313,13372,54318,33221,52162,11216,1
1715,1714000,32287,13395,56018,33247,52139,9516,1
1716,1715000,32256,13404,57485,33279,52130,8050,1
1717,1716000,32221,13400,58568,33313,52134,6966,1
1718,1717000,32188,13384,59166,33347,52150,6368,1
1719,1718000,32159,13359,59251,33375,52175,6283,1
1720,1719000,32138,13329,58824,33396,52205,6710,1
1721,1720000,32127,13297,57951,33407,52237,7583,1
1722,1721000,32127,13269,56735,33408,52265,8800,1
1723,1722000,32137,13248,55316,33397,52286,10218,1
1724,1723000,32156,13236,53840,33378,52298,11694,1
1725,1724000,32182,13235,52476,33352,52299,13058,1
1726,1725000,32212,13246,51355,33322,52288,14179,1
1727,1726000,32244,13268,50581,33291,52266,14953,1
1728,1727000,32273,13299,50219,33261,52235,15315,1
1729,1728000,32297,13336,50280,33237,52199,15254,1
1730,1729000,32315,13376,50733,33219,52159,14802,1
1731,1730000,32325,13415,51507,33209,52119,14027,1
1732,1731000,32326,13452,52505,33208,52082,13029,1
1733,1732000,32320,13483,53610,33214,52051,11925,1
1734,1733000,32307,13507,54705,33227,52027,10829,1
1735,1734000,32289,13522,55688,33246,52012,9846,1
1736,1735000,32267,13529,56474,33267,52005,9060,1
1737,1736000,32246,13529,57004,33288,52005,8530,1
1738,1737000,32226,13522,57250,33309,52012,8284,1
1739,1738000,32209,13510,57217,33325,52024,8317,1
1740,1739000,32196,13496,56934,33338,52038,8600,1
1741,1740000,32190,13482,56449,33344,52052,9085,1
1742,1741000,32189,13470,55816,33345,52064,9718,1
1743,1742000,32194,13461,55095,33340,52073,10439,1
1744,1743000,32204,13457,54342,33331,52077,11192,1
1745,1744000,32217,13458,53614,33317,52076,11920,1
1746,1745000,32234,13464,52954,33300,52070,12580,1
1747,1746000,32253,13477,52400,33281,52057,13134,1
1748,1747000,32272,13495,51988,33262,52039,13546,1
1749,1748000,32291,13518,51735,33243,52016,13799,1
1750,1749000,32307,13544,51650,33227,51990,13884,1
1751,1750000,32321,13573,51735,33213,51961,13799,1
1752,1751000,32331,13604,51986,33203,51930,13548,1
1753,1752000,32336,13635,52393,33198,51900,13141,1
1754,1753000,32337,13664,52940,33197,51870,12594,1
1755,1754000,32332,13690,53601,33202,51844,11933,1
1756,1755000,32323,13713,54336,33211,51821,11198,1
1757,1756000,32310,13730,55094,33225,51804,10440,1
1758,1757000,32293,13741,55817,33242,51793,9718,1
1759,1758000,32273,13746,56441,33261,51788,9093,1
1760,1759000,32254,13745,56906,33280,51789,8628,1
1761,1760000,32236,13738,57155,33298,51796,8379,1
1762,1761000,32221,13727,57143,33313,51807,8391,1
1763,1762000,32211,13713,56846,33323,51821,8688,1
1764,1763000,32207,13699,56263,33327,51836,9271,1
1765,1764000,32211,13687,55418,33323,51847,10116,1
1766,1765000,32223,13680,54369,33311,51855,11165,1
1767,1766000,32242,13679,53202,33292,51855,12332,1
1768,1767000,32267,13688,52013,33268,51846,13522,1
1769,1768000,32295,13707,50945,33239,51827,14589,1
1770,1769000,32326,13736,50123,33208,51799,15411,1
1771,1770000,32355,13773,49661,33179,51761,15873,1
1772,1771000,32379,13817,49633,33155,51717,15901,1
1773,1772000,32397,13866,50073,33137,51668,15461,1
1774,1773000,32405,13915,50963,33129,51619,14571,1
1775,1774000,32402,13960,52226,33132,51574,13308,1
1776,1775000,32389,13999,53730,33145,51535,11804,1
1777,1776000,32366,14028,55305,33168,51506,10230,1
1778,1777000,32335,14045,56761,33199,51489,8773,1
1779,1778000,32300,14050,57927,33234,51484,7607,1
1780,1779000,32265,14042,58680,33269,51492,6854,1
1781,1780000,32233,14025,58950,33302,51509,6584,1
1782,1781000,32208,14001,58707,33326,51533,6827,1
1783,1782000,32194,13974,57957,33340,51560,7577,1
1784,1783000,32192,13950,56734,33342,51584,8800,1
1785,1784000,32204,13933,55126,33330,51602,10408,1
1786,1785000,32228,13926,53287,33306,51609,12247,1
1787,1786000,32263,13932,51394,33272,51602,14140,1
1788,1787000,32304,13953,49708,33230,51581,15826,1
1789,1788000,32348,13989,48446,33186,51545,17088,1
1790,1789000,32390,14037,47779,33144,51497,17755,1
1791,1790000,32426,14095,47797,33108,51439,17737,1
1792,1791000,32451,14158,48493,33084,51376,17041,1
1793,1792000,32462,14221,49806,33072,51313,15728,1
1794,1793000,32458,14279,51572,33076,51255,13962,1
1795,1794000,32440,14328,53571,33094,51206,11964,1
1796,1795000,32410,14363,55541,33124,51171,9993,1
1797,1796000,32371,14384,57220,33163,51150,8314,1
1798,1797000,32327,14389,58418,33207,51145,7116,1
1799,1798000,32284,14381,59064,33250,51153,6471,1
1800,1799000,32247,14363,59156,33287,51171,6378,1
1801,1800000,32220,14339,58720,33314,51195,6814,1
1802,1801000,32206,14314,57781,33328,51220,7753,1
1803,1802000,32207,14293,56375,33327,51241,9159,1
1804,1803000,32222,14281,54600,33312,51253,10934,1
1805,1804000,32251,14281,52640,33284,51253,12894,1
1806,1805000,32289,14296,50721,33245,51238,14813,1
1807,1806000,32333,14325,49126,33201,51209,16408,1
1808,1807000,32379,14368,48064,33155,51166,17470,1
1809,1808000,32420,14422,47653,33114,51112,17881,1
1810,1809000,32453,14484,47922,33081,51050,17612,1
1811,1810000,32475,14548,48813,33059,50986,16721,1
1812,1811000,32482,14611,50227,33052,50923,15307,1
1813,1812000,32476,14668,51959,33058,50867,13575,1
1814,1813000,32457,14715,53762,33077,50819,11772,1
1815,1814000,32427,14750,55387,33107,50784,10147,1
1816,1815000,32391,14773,56647,33143,50761,8887,1
1817,1816000,32352,14784,57458,33182,50751,8076,1
1818,1817000,32316,14784,57810,33219,50750,7724,1
1819,1818000,32285,14778,57732,33249,50756,7802,1
1820,1819000,32264,14769,57255,33270,50766,8279,1
1821,1820000,32254,14760,56414,33280,50774,9120,1
1822,1821000,32257,14755,55263,33277,50779,10271,1
1823,1822000,32271,14758,53900,33263,50776,11634,1
1824,1823000,32295,14771,52468,33240,50763,13066,1
1825,1824000,32325,14794,51147,33209,50740,14387,1
1826,1825000,32359,14827,50093,33175,50707,15441,1
1827,1826000,32393,14869,49426,33141,50665,16108,1
1828,1827000,32424,14918,49209,33110,50616,16325,1
1829,1828000,32449,14972,49434,33085,50562,16100,1
1830,1829000,32465,15028,50047,33069,50506,15488,1
1831,1830000,32472,15082,50958,33062,50452,14576,1
1832,1831000,32470,15132,52023,33064,50402,13511,1
1833,1832000,32459,15177,53093,33075,50357,12441,1
1834,1833000,32442,15216,54041,33093,50318,11493,1
1835,1834000,32420,15247,54787,33114,50287,10747,1
1836,1835000,32397,14390,55615,33137,51144,9919,1
1837,1836000,32378,12342,57469,33156,53192,8065,1
1838,1837000,32365,10442,59246,33170,55092,6288,1
1839,1838000,32357,9284,60301,33177,56250,5233,1
1840,1839000,32508,8866,60579,33026,56668,4955,1
1841,1840000,34363,8776,59954,31171,56758,5580,1
1842,1841000,37786,8837,58362,27748,56697,7172,1
1843,1842000,41460,9172,55662,24074,56362,9872,1
1844,1843000,44453,9709,52166,21081,55825,13368,1
1845,1844000,45986,10471,48880,19548,55063,16654,1
1846,1845000,46184,11658,45886,19350,53876,19649,1
1847,1846000,45282,13431,43294,20252,52104,22240,1
1848,1847000,43546,15807,41365,21988,49727,24169,1
1849,1848000,41746,18331,40030,23788,47203,25504,1
1850,1849000,39698,20758,39484,25836,44776,26050,1
1851,1850000,37115,23146,39795,28419,42388,25740,1
1852,1851000,34164,25242,40907,31370,40292,24627,1
1853,1852000,31072,26789,42768,34462,38745,22767,1
1854,1853000,28162,27643,45109,37372,37891,20426,1
1855,1854000,25526,27711,47884,40008,37823,17650,1
1856,1855000,23232,26879,50958,42302,38655,14576,1
1857,1856000,21554,25003,53869,43980,40531,11665,1
1858,1857000,20658,22232,56180,44876,43302,9354,1
1859,1858000,20657,18973,57783,44878,46561,7751,1
1860,1859000,21745,15776,58790,43789,49759,6744,1
1861,1860000,24038,13209,59311,41496,52325,6223,1
1862,1861000,27549,11419,59393,37985,54115,6141,1
1863,1862000,31984,10273,59033,33550,55261,6501,1
1864,1863000,36927,9629,58158,28607,55905,7376,1
1865,1864000,41956,9403,56539,23578,56131,8995,1
1866,1865000,46630,9570,53687,18904,55964,11847,1
1867,1866000,50381,10172,48982,15154,55362,16552,1
1868,1867000,52640,11351,42727,12894,54183,22807,1
1869,1868000,53019,13454,36386,12515,52080,29148,1
1870,1869000,51367,17213,31053,14167,48321,34482,1
1871,1870000,47740,23222,27524,17795,42312,38010,1
1872,1871000,42241,30225,26366,23293,35310,39168,1
1873,1872000,35329,36483,27828,30205,29051,37706,1
1874,1873000,27742,40920,31892,37792,24615,33642,1
1875,1874000,20323,42760,38371,45211,22774,27163,1
1876,1875000,13820,41605,46703,51714,23929,18831,1
1877,1876000,9051,37407,54106,56483,28127,11428,1
1878,1877000,6796,30458,57984,58738,35076,7550,1
1879,1878000,7521,21577,59871,58013,43957,5663,1
1880,1879000,11385,14460,60720,54149,51075,4814,1
1881,1880000,18200,11041,60898,47334,54494,4636,1
1882,1881000,27191,9321,60555,38343,56213,4979,1
1883,1882000,36998,8493,59662,28536,57041,5872,1
1884,1883000,46232,8244,58001,19302,57290,7533,1
1885,1884000,54282,8481,54666,11253,57053,10868,1
1886,1885000,60606,9203,47320,4928,56331,18215,1
1887,1886000,64420,10506,36305,1115,55028,29229,1
1888,1887000,64893,12945,25967,641,52589,39568,1
1889,1888000,61509,18241,18014,4025,47293,47520,1
1890,1889000,54553,28418,13653,10981,37116,51881,1
1891,1890000,44696,39582,13558,20838,25953,51976,1
1892,1891000,33285,48279,17818,32249,17255,47717,1
1893,1892000,21946,53141,25740,43588,12393,39794,1
1894,1893000,12106,53449,36607,53428,12085,28927,1
1895,1894000,4785,49072,48719,60749,16462,16816,1
1896,1895000,593,40869,56160,64941,24665,9374,1
1897,1896000,0,30052,59015,65535,35482,6519,1
1898,1897000,3356,18947,60198,62178,46587,5336,1
1899,1898000,10502,12938,60541,55032,52596,4993,1
1900,1899000,20376,10394,60343,45159,55141,5191,1
1901,1900000,31354,9192,59668,34181,56342,5866,1
1902,1901000,41750,8734,58406,23784,56800,7128,1
1903,1902000,50630,8781,56170,14904,56754,9364,1
1904,1903000,57656,9294,51595,7879,56240,13939,1
1905,1904000,62422,10289,42484,3112,55246,23050,1
1906,1905000,64529,11974,31615,1005,53560,33919,1
1907,1906000,63212,15126,22511,2322,50408,43023,1
1908,1907000,58247,21582,16813,7287,43952,48721,1
1909,1908000,50109,31562,15069,15425,33972,50465,1
1910,1909000,40030,40867,17189,25504,24667,48345,1
1911,1910000,29694,47021,22737,35840,18513,42798,1
1912,1911000,20515,49314,30817,45019,16220,34717,1
1913,1912000,13325,47541,40720,52209,17993,24814,1
1914,1913000,8601,42229,50123,56933,23305,15411,1
1915,1914000,6500,34607,55141,59034,30927,10393,1
1916,1915000,7166,25672,57328,58368,39862,8206,1
1917,1916000,10598,17927,58282,54936,47607,7252,1
1918,1917000,16578,13942,58479,48956,51592,7055,1
1919,1918000,24267,12018,58155,41267,53516,7379,1
1920,1919000,32387,11045,57399,33147,54489,8135,1
1921,1920000,39787,10681,56134,25747,54853,9400,1
1922,1921000,45800,10824,54004,19734,54710,11530,1
1923,1922000,50195,11407,50307,15339,54128,15227,1
1924,1923000,52840,12414,44541,12694,53120,20993,1
1925,1924000,53514,13959,38078,12020,51575,27456,1
1926,1925000,52158,16358,32773,13376,49176,32761,1
1927,1926000,48971,19995,29545,16563,45539,35990,1
1928,1927000,44392,24653,28650,21143,40881,36884,1
1929,1928000,39062,29177,29763,26472,36357,35771,1
1930,1929000,33686,32552,32394,31848,32982,33140,1
1931,1930000,28861,34131,36216,36673,31403,29318,1
1932,1931000,24921,33883,40826,40613,31651,24708,1
1933,1932000,22005,32144,45489,43529,33390,20045,1
1934,1933000,20251,29327,49197,45283,36207,16338,1
1935,1934000,19710,25846,51603,45824,39689,13931,1
1936,1935000,20328,22300,53006,45206,43234,12528,1
1937,1936000,21932,19409,53729,43602,46125,11805,1
1938,1937000,24251,17400,53993,41284,48134,11541,1
1939,1938000,27038,16070,53946,38496,49464,11588,1
1940,1939000,30020,15222,53638,35514,50312,11896,1
1941,1940000,32997,14738,53065,32537,50796,12470,1
1942,1941000,35856,14532,52189,29678,51002,13345,1
1943,1942000,38484,14539,50981,27050,50995,14553,1
1944,1943000,40733,14733,49408,24801,50801,16126,1
1945,1944000,42481,15127,47422,23053,50407,18112,1
1946,1945000,43673,15744,45022,21862,49791,20512,1
1947,1946000,44268,16617,42348,21266,48917,23186,1
1948,1947000,44198,17815,39680,21336,47719,25854,1
1949,1948000,43397,19452,37327,22137,46082,28207,1
1950,1949000,41831,21658,35518,23703,43876,30016,1
1951,1950000,39491,24417,34488,26043,41117,31046,1
1952,1951000,36434,27420,34469,29100,38114,31066,1
1953,1952000,32805,30217,35593,32729,35318,29941,1
1954,1953000,28846,32291,37888,36689,33243,27646,1
1955,1954000,24885,33213,41274,40649,32322,24260,1
1956,1955000,21306,32706,45277,44228,32828,20258,1
1957,1956000,18516,30660,48880,47019,34874,16654,1
1958,1957000,16932,27186,51417,48602,38348,14117,1
1959,1958000,16865,22923,53029,48669,42611,12505,1
1960,1959000,18456,19169,53988,47078,46365,11547,1
1961,1960000,21701,16624,54441,43834,48910,11093,1
1962,1961000,26497,15018,54453,39037,50516,11081,1
1963,1962000,32405,14040,54023,33129,51494,11511,1
1964,1963000,38814,13535,53060,26720,51999,12474,1
1965,1964000,45028,13442,51291,20506,52092,14243,1
1966,1965000,50410,13739,48082,15124,51795,17452,1
1967,1966000,54353,14461,42462,11181,51073,23072,1
1968,1967000,56242,15784,34980,9292,49750,30555,1
1969,1968000,55688,18157,27838,9846,47378,37696,1
1970,1969000,52656,22612,22349,12878,42922,43185,1
1971,1970000,47286,29965,19410,18248,35569,46124,1
1972,1971000,39914,37976,19602,25620,27558,45932,1
1973,1972000,31300,44360,22981,34234,21174,42553,1
1974,1973000,22450,48016,29307,43084,17518,36227,1
1975,1974000,14396,48210,38163,51138,17324,27371,1
1976,1975000,8087,44835,47079,57447,20699,18455,1
1977,1976000,4377,38174,51929,61157,27360,13605,1
1978,1977000,3933,28870,54177,61601,36664,11357,1
1979,1978000,6924,20275,55272,58610,45259,10262,1
1980,1979000,13297,16085,55650,52237,49449,9884,1
1981,1980000,22338,14079,55502,43196,51455,10032,1
1982,1981000,32714,13042,54889,32820,52492,10645,1
1983,1982000,42839,12624,53702,22695,52910,11832,1
1984,1983000,51743,12682,51496,13791,52852,14038,1
1985,1984000,58945,13182,46889,6589,52352,18645,1
1986,1985000,63793,14143,37582,1741,51391,27952,1
1987,1986000,65535,15829,26672,0,49705,38863,1
1988,1987000,63502,19110,17555,2032,46424,47979,1
1989,1988000,57810,26235,11713,7724,39299,53821,1
1990,1989000,48961,37185,10024,16573,28349,55510,1
1991,1990000,38116,46862,12664,27418,18672,52870,1
1992,1991000,26821,53200,19104,38713,12334,46430,1
1993,1992000,16574,55328,28569,48961,10206,36965,1
1994,1993000,8458,52898,40046,57076,12636,25488,1
1995,1994000,3123,46522,48998,62411,19012,16536,1
1996,1995000,1019,37233,52707,64515,28301,12827,1
1997,1996000,2460,26456,54363,63075,39078,11171,1
1998,1997000,7473,18937,55051,58061,46597,10483,1
1999,1998000,15629,15721,55125,49905,49813,10409,1
2000,1999000,25611,14148,54739,39923,51386,10795,1
