1,0,37853,49172,5968,19257,16362,59566,0
2,1000,35873,56835,6846,27741,8699,58688,0
3,2000,33711,62440,10506,37008,3094,55028,0
4,3000,31579,65437,16631,46145,97,48903,0
5,4000,29685,65535,24678,54261,0,40856,0
6,5000,28213,62766,33803,60572,2768,31731,0
7,6000,27306,57411,43110,64458,8123,22424,0
8,7000,27055,49872,51690,65535,15662,13845,0
9,8000,27477,40961,58709,63723,24573,6825,0
10,9000,28525,31554,63482,59231,33980,2052,0
11,10000,30118,22575,65535,52407,42959,0,0
12,11000,32096,14898,64674,43927,50636,860,0
13,12000,34260,9275,61024,34653,56259,4510,0
14,13000,36396,6261,54899,25500,59273,10635,0
15,14000,38295,6156,46841,17364,59378,18693,0
16,15000,39770,8929,37697,11040,56605,27837,0
17,16000,40678,14300,28372,7150,51234,37162,0
18,17000,40927,21859,19781,6082,43675,45753,0
19,18000,40500,30787,12762,7910,34747,52772,0
20,19000,39448,40201,8002,12423,25333,57532,0
21,20000,37850,49176,5969,19267,16358,59565,0
22,21000,35871,56836,6850,27752,8698,58684,0
23,22000,33709,62438,10513,37017,3096,55022,0
24,23000,31577,65431,16639,46152,103,48895,0
25,24000,29684,65525,24687,54266,9,40847,0
26,25000,28212,62754,33811,60573,2780,31723,0
27,26000,27306,57397,43117,64456,8137,22418,0
28,27000,27056,49857,51694,65529,15677,13840,0
29,28000,27479,40946,58710,63715,24588,6824,0
30,29000,28528,31541,63479,59221,33993,2055,0
31,30000,30122,22563,65528,52390,42971,6,0
32,31000,32100,14890,64665,43910,50644,869,0
33,32000,34264,9270,61012,34637,56264,4522,0
34,33000,36400,6260,54885,25485,59274,10649,0
35,34000,38297,6159,46827,17352,59375,18708,0
36,35000,39772,8934,37684,11032,56600,27850,0
37,36000,40679,14307,28360,7146,51227,37174,0
38,37000,40927,21867,19771,6081,43667,45763,0
39,38000,40500,30794,12756,7912,34740,52778,0
40,39000,39447,40208,7999,12426,25326,57535,0
41,40000,37849,49180,5970,19272,16354,59564,0
42,41000,35870,56837,6854,27757,8697,58680,0
43,42000,33708,62436,10519,37021,3098,55015,0
44,43000,31577,65426,16653,46155,109,48881,0
45,44000,29684,65516,24701,54266,18,40833,0
46,45000,28213,62742,33825,60570,2792,31709,0
47,46000,27308,57383,43129,64449,8151,22406,0
48,47000,27058,49842,51703,65519,15692,13831,0
49,48000,27482,40932,58716,63702,24603,6818,0
50,49000,28532,31527,63482,59205,34007,2052,0
51,50000,30126,22552,65528,52373,42982,6,0
52,51000,32105,14882,64661,43892,50652,874,0
53,52000,34268,9265,61006,34620,56269,4528,0
54,53000,36403,6259,54877,25471,59275,10657,0
55,54000,38300,6161,46818,17341,59373,18716,0
56,55000,39774,8940,37676,11023,56594,27859,0
57,56000,40680,14318,28353,7141,51216,37181,0
58,57000,40928,21880,19768,6079,43654,45767,0
59,58000,40500,30808,12755,7913,34727,52779,0
60,59000,39446,40219,8002,12430,25315,57532,0
61,60000,37848,49190,5977,19277,16345,59557,0
62,61000,35868,56844,6863,27762,8690,58671,0
63,62000,33707,62439,10531,37026,3095,55003,0
64,63000,31576,65425,16661,46157,109,48873,0
65,64000,29684,65512,24709,54266,22,40825,0
66,65000,28214,62736,33833,60566,2798,31701,0
67,66000,27310,57375,43135,64441,8159,22399,0
68,67000,27061,49833,51707,65508,15701,13827,0
69,68000,27485,40922,58717,63688,24612,6817,0
70,69000,28535,31519,63479,59189,34015,2055,0
71,70000,30128,22547,65521,52361,42988,13,0
72,71000,32107,14879,64651,43880,50655,883,0
73,72000,34271,9266,60994,34609,56268,4540,0
74,73000,36405,6264,54864,25462,59270,10671,0
75,74000,38301,6169,46804,17335,59365,18730,0
76,75000,39775,8950,37662,11020,56584,27872,0
77,76000,40680,14326,28342,7142,51208,37193,0
78,77000,40927,21888,19758,6084,43646,45776,0
79,78000,40498,30815,12749,7920,34719,52785,0
80,79000,39444,40226,8000,12440,25308,57534,0
81,80000,37846,49194,5978,19288,16340,59556,0
82,81000,35866,56845,6868,27773,8689,58666,0
83,82000,33704,62436,10538,37035,3098,54996,0
84,83000,31574,65419,16669,46165,115,48865,0
85,84000,29683,65503,24718,54271,31,40816,0
86,85000,28214,62724,33841,60568,2810,31693,0
87,86000,27310,57361,43142,64440,8173,22392,0
88,87000,27062,49818,51711,65503,15716,13823,0
89,88000,27487,40908,58718,63680,24627,6816,0
90,89000,28538,31506,63477,59178,34028,2057,0
91,90000,30132,22535,65515,52344,42999,19,0
92,91000,32111,14871,64642,43863,50663,892,0
93,92000,34274,9262,60982,34593,56272,4552,0
94,93000,36408,6263,54850,25447,59271,10684,0
95,94000,38304,6172,46790,17323,59362,18745,0
96,95000,39777,8956,37649,11012,56579,27886,0
97,96000,40681,14334,28330,7137,51201,37204,0
98,97000,40927,21896,19749,6082,43638,45785,0
99,98000,40498,30823,12744,7922,34711,52791,0
100,99000,39443,40232,7997,12444,25302,57537,0
101,100000,37844,49198,5979,19293,16336,59555,0
102,101000,35865,56846,6872,27778,8688,58662,0
103,102000,33703,62434,10544,37040,3100,54990,0
104,103000,31574,65413,16678,46167,121,48857,0
105,104000,29683,65494,24727,54270,40,40807,0
106,105000,28214,62712,33849,60564,2822,31685,0
107,106000,27312,57347,43148,64432,8187,22386,0
108,107000,27065,49803,51716,65492,15731,13819,0
109,108000,27491,40893,58719,63666,24641,6815,0
110,109000,28541,31492,63474,59163,34042,2060,0
111,110000,30136,22524,65509,52327,43010,25,0
112,111000,32115,14863,64632,43845,50671,902,0
113,112000,34278,9257,60970,34576,56277,4564,0
114,113000,36412,6262,54836,25433,59272,10698,0
115,114000,38307,6174,46775,17311,59360,18759,0
116,115000,39779,8961,37635,11004,56573,27899,0
117,116000,40682,14345,28318,7132,51189,37216,0
118,117000,40927,21910,19740,6081,43624,45794,0
119,118000,40497,30837,12738,7924,34698,52797,0
120,119000,39442,40244,7995,12448,25290,57539,0
121,120000,37843,49208,5980,19298,16327,59554,0
122,121000,35863,56853,6876,27784,8681,58658,0
123,122000,33702,62437,10551,37044,3097,54983,0
124,123000,31573,65413,16686,46170,121,48848,0
125,124000,29683,65490,24736,54270,44,40798,0
126,125000,28215,62705,33858,60560,2829,31676,0
127,126000,27313,57338,43155,64425,8196,22379,0
128,127000,27067,49793,51720,65481,15741,13814,0
129,128000,27494,40883,58720,63653,24651,6814,0
130,129000,28545,31484,63472,59147,34050,2062,0
131,130000,30139,22518,65503,52315,43016,31,0
132,131000,32118,14860,64623,43833,50674,911,0
133,132000,34281,9258,60958,34565,56276,4576,0
134,133000,36414,6267,54823,25424,59267,10711,0
135,134000,38308,6182,46761,17305,59352,18773,0
136,135000,39779,8972,37621,11001,56562,27913,0
137,136000,40682,14354,28306,7133,51181,37228,0
138,137000,40926,21918,19731,6086,43616,45803,0
139,138000,40495,30845,12732,7932,34690,52803,0
140,139000,39439,40251,7992,12457,25283,57542,0
141,140000,37841,49212,5981,19309,16322,59553,0
142,141000,35861,56854,6881,27795,8680,58653,0
143,142000,33700,62435,10558,37054,3099,54976,0
144,143000,31571,65407,16700,46178,127,48834,0
145,144000,29682,65481,24751,54275,53,40784,0
146,145000,28215,62693,33872,60562,2841,31663,0
147,146000,27314,57324,43167,64424,8210,22367,0
148,147000,27068,49778,51730,65476,15756,13805,0
149,148000,27496,40869,58726,63644,24666,6808,0
150,149000,28548,31471,63474,59136,34063,2060,0
151,150000,30143,22507,65502,52298,43027,32,0
152,151000,32122,14852,64619,43816,50682,915,0
153,152000,34285,9253,60951,34549,56281,4583,0
154,153000,36417,6266,54814,25409,59268,10720,0
155,154000,38311,6185,46752,17293,59349,18782,0
156,155000,39781,8977,37613,10993,56557,27921,0
157,156000,40683,14361,28299,7129,51173,37235,0
158,157000,40926,21926,19727,6085,43608,45807,0
159,158000,40495,30853,12731,7934,34682,52803,0
160,159000,39439,40258,7995,12461,25276,57539,0
161,160000,37839,49216,5988,19315,16318,59546,0
162,161000,35859,56855,6891,27800,8679,58643,0
163,162000,33699,62433,10571,37059,3101,54964,0
164,163000,31571,65401,16708,46181,133,48826,0
165,164000,29682,65472,24760,54275,62,40775,0
166,165000,28216,62681,33880,60559,2853,31654,0
167,166000,27316,57310,43174,64416,8224,22360,0
168,167000,27071,49763,51734,65466,15771,13800,0
169,168000,27499,40854,58727,63631,24680,6807,0
170,169000,28551,31457,63472,59120,34077,2062,0
171,170000,30147,22496,65496,52280,43038,38,0
172,171000,32126,14844,64609,43798,50690,925,0
173,172000,34289,9249,60939,34532,56285,4595,0
174,173000,36421,6265,54800,25395,59269,10734,0
175,174000,38314,6187,46738,17282,59347,18796,0
176,175000,39783,8983,37600,10985,56551,27935,0
177,176000,40684,14373,28288,7124,51161,37247,0
178,177000,40927,21940,19717,6084,43594,45817,0
179,178000,40495,30866,12725,7936,34668,52809,0
180,179000,39438,40270,7993,12466,25264,57541,0
181,180000,37838,49226,5989,19320,16308,59545,0
182,181000,35858,56862,6895,27806,8672,58639,0
183,182000,33698,62436,10577,37064,3098,54957,0
184,183000,31570,65400,16717,46183,134,48817,0
185,184000,29682,65468,24769,54275,66,40765,0
186,185000,28216,62675,33889,60555,2860,31645,0
187,186000,27317,57297,43181,64409,8237,22353,0
188,187000,27073,49748,51738,65455,15786,13796,0
189,188000,27502,40839,58728,63617,24695,6806,0
190,189000,28555,31443,63469,59104,34091,2065,0
191,190000,30150,22485,65490,52268,43050,45,0
192,191000,32129,14836,64599,43786,50698,935,0
193,192000,34291,9244,60927,34521,56290,4607,0
194,193000,36423,6264,54787,25385,59270,10747,0
195,194000,38315,6190,46724,17275,59344,18810,0
196,195000,39784,8988,37586,10982,56546,27948,0
197,196000,40684,14380,28276,7125,51154,37259,0
198,197000,40926,21949,19708,6088,43586,45826,0
199,198000,40493,30874,12719,7943,34660,52815,0
200,199000,39435,40277,7991,12475,25258,57543,0
201,200000,37836,49230,5990,19331,16304,59544,0
202,201000,35855,56863,6900,27817,8671,58635,0
203,202000,33695,62434,10584,37074,3100,54950,0
204,203000,31568,65395,16725,46192,139,48809,0
205,204000,29681,65458,24778,54281,76,40756,0
206,205000,28216,62663,33897,60557,2872,31637,0
207,206000,27318,57283,43188,64408,8251,22346,0
208,207000,27074,49733,51743,65450,15801,13791,0
209,208000,27504,40824,58730,63609,24710,6804,0
210,209000,28558,31430,63467,59094,34104,2067,0
211,210000,30154,22473,65483,52251,43061,51,0
212,211000,32133,14828,64590,43769,50706,944,0
213,212000,34295,9240,60915,34504,56294,4619,0
214,213000,36426,6264,54773,25371,59271,10761,0
215,214000,38318,6193,46709,17264,59341,18825,0
216,215000,39786,8994,37572,10974,56540,27962,0
217,216000,40685,14388,28264,7121,51146,37270,0
218,217000,40926,21957,19699,6087,43577,45835,0
219,218000,40492,30882,12713,7945,34652,52821,0
220,219000,39434,40283,7988,12480,25251,57546,0
221,220000,37834,49235,5992,19337,16299,59543,0
222,221000,35854,56865,6904,27823,8670,58630,0
223,222000,33694,62431,10591,37079,3103,54943,0
224,223000,31567,65389,16739,46194,145,48795,0
225,224000,29681,65449,24792,54281,85,40742,0
226,225000,28217,62650,33911,60554,2884,31623,0
227,226000,27319,57269,43201,64401,8265,22333,0
228,227000,27077,49718,51752,65439,15816,13782,0
229,228000,27507,40809,58736,63596,24725,6798,0
230,229000,28561,31416,63470,59078,34118,2064,0
231,230000,30158,22462,65483,52234,43072,51,0
232,231000,32137,14820,64586,43751,50714,948,0
233,232000,34299,9235,60908,34488,56299,4626,0
234,233000,36430,6263,54765,25356,59271,10769,0
235,234000,38321,6196,46700,17252,59339,18834,0
236,235000,39787,8999,37564,10966,56535,27970,0
237,236000,40686,14396,28257,7117,51139,37277,0
238,237000,40926,21965,19695,6087,43569,45839,0
239,238000,40492,30890,12712,7947,34644,52822,0
240,239000,39433,40290,7991,12484,25244,57543,0
241,240000,37833,49239,5998,19342,16295,59536,0
242,241000,35853,56866,6914,27829,8668,58620,0
243,242000,33693,62429,10604,37084,3105,54930,0
244,243000,31567,65383,16748,46197,151,48786,0
245,244000,29681,65440,24801,54281,94,40733,0
246,245000,28218,62639,33920,60551,2896,31614,0
247,246000,27321,57259,43208,64394,8275,22327,0
248,247000,27079,49709,51757,65429,15826,13777,0
249,248000,27510,40800,58738,63582,24734,6796,0
250,249000,28565,31408,63468,59062,34126,2066,0
251,250000,30161,22456,65476,52222,43078,58,0
252,251000,32140,14817,64576,43739,50717,958,0
253,252000,34302,9236,60896,34476,56298,4638,0
254,253000,36432,6267,54751,25347,59267,10783,0
255,254000,38322,6204,46686,17246,59331,18848,0
256,255000,39788,9010,37550,10963,56524,27984,0
257,256000,40685,14408,28245,7118,51126,37289,0
258,257000,40925,21979,19686,6091,43555,45848,0
259,258000,40490,30904,12706,7954,34630,52828,0
260,259000,39431,40302,7989,12493,25232,57545,0
261,260000,37830,49249,5999,19353,16285,59535,0
262,261000,35850,56873,6919,27840,8661,58616,0
263,262000,33691,62433,10611,37094,3102,54923,0
264,263000,31565,65383,16757,46206,151,48778,0
265,264000,29679,65436,24811,54286,98,40723,0
266,265000,28217,62632,33928,60553,2902,31606,0
267,266000,27321,57246,43215,64392,8288,22320,0
268,267000,27081,49694,51761,65424,15841,13773,0
269,268000,27512,40785,58739,63574,24749,6795,0
270,269000,28567,31395,63465,59052,34139,2069,0
271,270000,30165,22445,65470,52205,43089,64,0
272,271000,32144,14809,64567,43721,50725,967,0
273,272000,34305,9231,60884,34460,56303,4650,0
274,273000,36435,6267,54737,25333,59268,10797,0
275,274000,38325,6206,46672,17234,59328,18862,0
276,275000,39790,9015,37537,10955,56519,27997,0
277,276000,40686,14416,28233,7113,51118,37301,0
278,277000,40925,21988,19676,6090,43547,45858,0
279,278000,40490,30912,12700,7957,34622,52834,0
280,279000,39430,40309,7986,12498,25225,57548,0
281,280000,37829,49254,6001,19359,16281,59533,0
282,281000,35849,56874,6923,27846,8660,58611,0
283,282000,33690,62430,10618,37099,3104,54916,0
284,283000,31564,65377,16765,46208,157,48769,0
285,284000,29679,65427,24820,54286,107,40714,0
286,285000,28218,62620,33937,60549,2914,31597,0
287,286000,27323,57232,43222,64385,8302,22313,0
288,287000,27083,49679,51766,65413,15856,13768,0
289,288000,27515,40770,58740,63561,24764,6794,0
290,289000,28571,31381,63463,59036,34153,2071,0
291,290000,30169,22434,65464,52188,43100,70,0
292,291000,32148,14801,64558,43704,50734,976,0
293,292000,34309,9227,60872,34444,56307,4662,0
294,293000,36438,6266,54724,25318,59268,10810,0
295,294000,38327,6209,46658,17223,59325,18876,0
296,295000,39792,9021,37523,10947,56513,28011,0
297,296000,40687,14423,28222,7109,51111,37313,0
298,297000,40925,21996,19667,6090,43538,45867,0
299,298000,40489,30920,12694,7959,34614,52840,0
300,299000,39429,40316,7984,12502,25218,57550,0
301,300000,37828,49258,6002,19364,16276,59532,0
302,301000,35847,56875,6927,27852,8659,58607,0
303,302000,33689,62428,10625,37104,3106,54909,0
304,303000,31563,65371,16774,46211,163,48760,0
305,304000,29679,65418,24829,54286,116,40705,0
306,305000,28219,62608,33946,60546,2926,31588,0
307,306000,27324,57218,43229,64378,8316,22306,0
308,307000,27085,49664,51770,65403,15870,13764,0
309,308000,27518,40755,58741,63547,24779,6793,0
310,309000,28575,31368,63461,59020,34166,2074,0
311,310000,30172,22422,65458,52176,43112,76,0
312,311000,32151,14792,64548,43692,50742,986,0
313,312000,34312,9222,60860,34433,56312,4674,0
314,313000,36441,6265,54710,25310,59269,10824,0
315,314000,38329,6212,46644,17217,59323,18890,0
316,315000,39792,9026,37510,10944,56508,28024,0
317,316000,40687,14431,28210,7110,51103,37324,0
318,317000,40924,22004,19658,6094,43530,45876,0
319,318000,40487,30928,12688,7966,34606,52846,0
320,319000,39427,40323,7982,12512,25212,57552,0
321,320000,37825,49262,6003,19376,16272,59531,0
322,321000,35845,56877,6932,27863,8657,58602,0
323,322000,33686,62426,10632,37114,3108,54903,0
324,323000,31561,65365,16788,46220,169,48747,0
325,324000,29678,65409,24843,54292,125,40691,0
326,325000,28218,62596,33960,60548,2938,31575,0
327,326000,27325,57205,43241,64377,8330,22293,0
328,327000,27087,49649,51780,65398,15885,13754,0
329,328000,27520,40741,58748,63539,24794,6786,0
330,329000,28577,31354,63464,59010,34180,2070,0
331,330000,30176,22411,65458,52159,43123,76,0
332,331000,32155,14784,64545,43675,50750,989,0
333,332000,34316,9218,60854,34416,56316,4680,0
334,333000,36444,6264,54702,25295,59270,10832,0
335,334000,38332,6214,46635,17205,59320,18899,0
336,335000,39794,9032,37502,10936,56502,28032,0
337,336000,40688,14438,28203,7106,51096,37331,0
338,337000,40924,22013,19654,6093,43521,45880,0
339,338000,40487,30936,12688,7968,34598,52846,0
340,339000,39426,40329,7985,12516,25205,57549,0
341,340000,37824,49267,6010,19381,16267,59524,0
342,341000,35843,56878,6942,27869,8656,58592,0
343,342000,33685,62424,10644,37119,3110,54890,0
344,343000,31561,65360,16796,46222,174,48738,0
345,344000,29678,65400,24853,54292,134,40682,0
346,345000,28219,62584,33968,60545,2950,31566,0
347,346000,27326,57191,43248,64370,8343,22286,0
348,347000,27089,49634,51785,65388,15900,13749,0
349,348000,27523,40726,58749,63526,24808,6785,0
350,349000,28581,31341,63461,58995,34193,2073,0
351,350000,30180,22400,65452,52142,43134,82,0
352,351000,32159,14776,64535,43658,50758,999,0
353,352000,34319,9213,60842,34400,56321,4692,0
354,353000,36447,6263,54689,25281,59271,10845,0
355,354000,38334,6217,46621,17194,59317,18913,0
356,355000,39796,9037,37488,10928,56497,28046,0
357,356000,40689,14446,28192,7101,51088,37342,0
358,357000,40925,22021,19645,6092,43513,45889,0
359,358000,40486,30945,12682,7971,34589,52852,0
360,359000,39425,40336,7983,12521,25198,57552,0
361,360000,37821,49271,6011,19392,16263,59523,0
362,361000,35841,56880,6946,27880,8654,58588,0
363,362000,33683,62422,10651,37129,3112,54883,0
364,363000,31559,65354,16805,46231,180,48730,0
365,364000,29677,65391,24862,54298,143,40672,0
366,365000,28218,62573,33977,60547,2961,31557,0
367,366000,27327,57182,43255,64369,8353,22279,0
368,367000,27090,49625,51789,65383,15910,13745,0
369,368000,27525,40716,58751,63518,24818,6784,0
370,369000,28583,31333,63459,58984,34201,2075,0
371,370000,30182,22394,65446,52130,43140,88,0
372,371000,32162,14774,64526,43646,50760,1008,0
373,372000,34322,9214,60830,34389,56320,4704,0
374,373000,36449,6268,54675,25272,59266,10859,0
375,374000,38336,6225,46607,17188,59309,18927,0
376,375000,39797,9048,37475,10926,56486,28059,0
377,376000,40689,14458,28180,7102,51076,37354,0
378,377000,40924,22035,19636,6097,43499,45898,0
379,378000,40485,30958,12676,7978,34576,52858,0
380,379000,39422,40348,7980,12530,25186,57554,0
381,380000,37820,49281,6012,19398,16253,59522,0
382,381000,35839,56887,6950,27886,8647,58584,0
383,382000,33682,62426,10658,37134,3109,54877,0
384,383000,31558,65354,16813,46234,180,48721,0
385,384000,29677,65387,24871,54298,147,40663,0
386,385000,28219,62566,33985,60544,2968,31549,0
387,386000,27328,57169,43262,64362,8365,22272,0
388,387000,27092,49610,51794,65372,15924,13740,0
389,388000,27528,40702,58752,63504,24832,6782,0
390,389000,28587,31319,63457,58969,34215,2078,0
391,390000,30186,22383,65440,52114,43151,94,0
392,391000,32166,14766,64517,43629,50769,1017,0
393,392000,34326,9210,60819,34373,56324,4715,0
394,393000,36453,6267,54662,25258,59267,10872,0
395,394000,38338,6228,46593,17177,59307,18941,0
396,395000,39799,9054,37461,10918,56480,28073,0
397,396000,40690,14466,28168,7098,51068,37366,0
398,397000,40924,22043,19627,6096,43491,45907,0
399,398000,40484,30966,12670,7980,34568,52864,0
400,399000,39421,40355,7978,12535,25179,57556,0
401,400000,37817,49286,6013,19409,16248,59521,0
402,401000,35837,56888,6955,27897,8646,58579,0
403,402000,33679,62424,10664,37144,3111,54870,0
404,403000,31556,65348,16822,46242,186,48712,0
405,404000,29675,65378,24880,54303,156,40654,0
406,405000,28218,62555,33994,60547,2980,31540,0
407,406000,27329,57155,43269,64361,8379,22265,0
408,407000,27094,49595,51798,65368,15939,13736,0
409,408000,27530,40687,58753,63497,24847,6781,0
410,409000,28589,31306,63454,58958,34228,2080,0
411,410000,30189,22372,65434,52102,43162,100,0
412,411000,32169,14758,64508,43617,50777,1026,0
413,412000,34328,9205,60807,34362,56329,4727,0
414,413000,36455,6266,54648,25249,59268,10886,0
415,414000,38340,6230,46579,17171,59304,18955,0
416,415000,39799,9059,37448,10915,56475,28086,0
417,416000,40690,14473,28156,7099,51061,37378,0
418,417000,40923,22051,19618,6101,43483,45916,0
419,418000,40482,30974,12664,7988,34560,52870,0
420,419000,39419,40362,7976,12544,25172,57559,0
421,420000,37816,49290,6015,19414,16244,59519,0
422,421000,35836,56890,6959,27902,8645,58575,0
423,422000,33678,62422,10671,37149,3113,54863,0
424,423000,31556,65343,16836,46245,191,48699,0
425,424000,29675,65370,24894,54304,165,40640,0
426,425000,28219,62543,34008,60544,2991,31526,0
427,426000,27330,57141,43282,64354,8393,22253,0
428,427000,27096,49580,51808,65357,15954,13726,0
429,428000,27533,40672,58760,63483,24862,6774,0
430,429000,28593,31292,63457,58943,34242,2077,0
431,430000,30193,22361,65434,52085,43173,100,0
432,431000,32173,14749,64504,43600,50785,1030,0
433,432000,34332,9201,60801,34346,56333,4733,0
434,433000,36458,6266,54635,25235,59269,10899,0
435,434000,38342,6233,46565,17159,59301,18969,0
436,435000,39801,9065,37434,10907,56470,28100,0
437,436000,40691,14480,28145,7095,51054,37390,0
438,437000,40923,22060,19609,6100,43474,45926,0
439,438000,40482,30983,12658,7990,34551,52876,0
440,439000,39418,40369,7973,12549,25165,57561,0
441,440000,37814,49295,6016,19425,16239,59518,0
442,441000,35833,56891,6963,27914,8643,58571,0
443,442000,33676,62420,10678,37159,3114,54856,0
444,443000,31554,65337,16844,46253,197,48690,0
445,444000,29674,65361,24904,54309,173,40630,0
446,445000,28219,62531,34017,60546,3003,31517,0
447,446000,27330,57127,43289,64353,8407,22245,0
448,447000,27097,49566,51813,65353,15969,13721,0
449,448000,27535,40658,58761,63476,24876,6773,0
450,449000,28595,31279,63455,58933,34255,2079,0
451,450000,30196,22350,65428,52074,43184,106,0
452,451000,32175,14741,64495,43588,50793,1039,0
453,452000,34335,9196,60789,34335,56338,4745,0
454,453000,36460,6265,54622,25226,59269,10912,0
455,454000,38344,6235,46551,17153,59299,18983,0
456,455000,39802,9070,37421,10905,56464,28113,0
457,456000,40691,14488,28133,7096,51046,37401,0
458,457000,40922,22068,19599,6104,43466,45935,0
459,458000,40480,30991,12652,7998,34543,52882,0
460,459000,39416,40376,7971,12559,25158,57563,0
461,460000,37812,49300,6017,19431,16235,59517,0
462,461000,35832,56893,6968,27920,8641,58566,0
463,462000,33674,62418,10685,37164,3116,54849,0
464,463000,31553,65332,16853,46257,202,48681,0
465,464000,29674,65352,24913,54310,182,40621,0
466,465000,28219,62519,34025,60543,3015,31509,0
467,466000,27332,57118,43296,64346,8416,22238,0
468,467000,27099,49556,51817,65343,15978,13717,0
469,468000,27538,40648,58763,63462,24886,6771,0
470,469000,28599,31271,63453,58917,34263,2081,0
471,470000,30199,22344,65422,52057,43190,112,0
472,471000,32179,14739,64486,43571,50795,1048,0
473,472000,34338,9197,60777,34319,56337,4757,0
474,473000,36463,6269,54614,25212,59265,10920,0
475,474000,38346,6243,46543,17142,59291,18992,0
476,475000,39804,9081,37413,10897,56453,28121,0
477,476000,40692,14501,28127,7091,51033,37408,0
478,477000,40922,22082,19596,6103,43452,45938,0
479,478000,40480,31004,12652,8000,34530,52882,0
480,479000,39415,40388,7974,12563,25146,57560,0
481,480000,37811,49310,6024,19437,16225,59510,0
482,481000,35830,56900,6978,27925,8634,58557,0
483,482000,33673,62421,10697,37169,3113,54837,0
484,483000,31552,65332,16861,46260,202,48673,0
485,484000,29674,65348,24922,54310,186,40612,0
486,485000,28220,62513,34034,60540,3021,31500,0
487,486000,27333,57106,43303,64340,8428,22231,0
488,487000,27102,49541,51822,65333,15993,13712,0
489,488000,27541,40634,58764,63449,24900,6770,0
490,489000,28602,31257,63451,58902,34277,2083,0
491,490000,30203,22333,65416,52040,43201,118,0
492,491000,32183,14731,64477,43554,50804,1057,0
493,492000,34342,9193,60766,34303,56341,4768,0
494,493000,36467,6269,54600,25197,59266,10934,0
495,494000,38349,6246,46529,17130,59288,19005,0
496,495000,39805,9086,37400,10889,56448,28134,0
497,496000,40693,14508,28115,7087,51026,37419,0
498,497000,40922,22090,19586,6103,43444,45948,0
499,498000,40479,31013,12646,8002,34521,52888,0
500,499000,39414,40395,7971,12567,25139,57563,0
501,500000,37808,49314,6025,19448,16220,59509,0
502,501000,35828,56901,6982,27937,8633,58552,0
503,502000,33671,62419,10704,37180,3115,54830,0
504,503000,31550,65326,16875,46268,208,48659,0
505,504000,29672,65340,24937,54316,194,40598,0
506,505000,28219,62502,34048,60543,3032,31486,0
507,506000,27334,57092,43315,64339,8442,22219,0
508,507000,27103,49527,51832,65328,16007,13702,0
509,508000,27543,40619,58771,63442,24915,6763,0
510,509000,28605,31244,63454,58892,34290,2080,0
511,510000,30206,22322,65416,52029,43212,118,0
512,511000,32186,14722,64473,43543,50812,1061,0
513,512000,34345,9188,60759,34292,56346,4775,0
514,513000,36469,6268,54587,25189,59266,10947,0
515,514000,38350,6249,46515,17124,59286,19019,0
516,515000,39806,9091,37386,10886,56443,28148,0
517,516000,40692,14515,28103,7088,51019,37431,0
518,517000,40921,22099,19577,6107,43436,45957,0
519,518000,40477,31021,12640,8010,34513,52894,0
520,519000,39411,40402,7969,12577,25132,57565,0
521,520000,37807,49319,6026,19454,16215,59508,0
522,521000,35826,56903,6986,27943,8631,58548,0
523,522000,33670,62418,10711,37185,3117,54823,0
524,523000,31549,65321,16884,46271,213,48650,0
525,524000,29672,65331,24946,54317,203,40588,0
526,525000,28220,62490,34057,60540,3044,31477,0
527,526000,27335,57078,43323,64332,8456,22212,0
528,527000,27105,49512,51837,65318,16022,13697,0
529,528000,27546,40604,58773,63428,24930,6761,0
530,529000,28608,31230,63452,58876,34304,2082,0
531,530000,30210,22310,65410,52012,43224,124,0
532,531000,32190,14714,64464,43525,50820,1070,0
533,532000,34348,9184,60748,34276,56350,4786,0
534,533000,36472,6267,54574,25174,59267,10960,0
535,534000,38353,6251,46501,17113,59283,19033,0
536,535000,39808,9097,37373,10878,56437,28161,0
537,536000,40693,14523,28091,7083,51011,37443,0
538,537000,40921,22107,19568,6107,43427,45966,0
539,538000,40477,31029,12634,8012,34505,52900,0
540,539000,39410,40409,7967,12582,25125,57567,0
541,540000,37804,49324,6027,19465,16210,59507,0
542,541000,35823,56905,6991,27954,8629,58543,0
543,542000,33667,62416,10718,37195,3118,54816,0
544,543000,31547,65315,16892,46280,219,48642,0
545,544000,29671,65322,24955,54322,212,40579,0
546,545000,28219,62479,34066,60543,3055,31468,0
547,546000,27335,57065,43330,64331,8469,22204,0
548,547000,27106,49497,51842,65314,16037,13692,0
549,548000,27548,40590,58774,63421,24945,6760,0
550,549000,28610,31217,63450,58867,34317,2084,0
551,550000,30213,22299,65405,52001,43235,129,0
552,551000,32193,14706,64456,43514,50828,1079,0
553,552000,34351,9179,60736,34265,56355,4798,0
554,553000,36474,6266,54560,25166,59268,10974,0
555,554000,38355,6254,46487,17107,59280,19047,0
556,555000,39809,9102,37360,10875,56432,28174,0
557,556000,40693,14530,28080,7084,51004,37455,0
558,557000,40920,22115,19559,6111,43419,45975,0
559,558000,40475,31038,12628,8019,34496,52906,0
560,559000,39408,40416,7964,12592,25118,57570,0
561,560000,37803,49328,6028,19471,16206,59506,0
562,561000,35822,56907,6995,27960,8627,58539,0
563,562000,33666,62414,10725,37201,3120,54809,0
564,563000,31547,65310,16901,46284,224,48633,0
565,564000,29671,65313,24964,54323,221,40570,0
566,565000,28220,62467,34075,60540,3067,31460,0
567,566000,27337,57051,43337,64325,8483,22197,0
568,567000,27108,49483,51847,65304,16052,13688,0
569,568000,27551,40575,58776,63408,24959,6758,0
570,569000,28614,31203,63448,58851,34331,2086,0
571,570000,30216,22288,65399,51984,43246,135,0
572,571000,32197,14698,64447,43497,50836,1087,0
573,572000,34355,9174,60725,34249,56360,4809,0
574,573000,36477,6265,54547,25151,59269,10987,0
575,574000,38357,6256,46473,17095,59278,19061,0
576,575000,39810,9108,37346,10867,56427,28188,0
577,576000,40694,14538,28068,7080,50997,37466,0
578,577000,40920,22124,19550,6110,43410,45985,0
579,578000,40474,31046,12622,8022,34488,52912,0
580,579000,39407,40423,7962,12596,25111,57572,0
581,580000,37800,49333,6029,19482,16201,59505,0
582,581000,35819,56908,6999,27972,8626,58535,0
583,582000,33663,62412,10732,37211,3122,54802,0
584,583000,31545,65305,16910,46292,229,48624,0
585,584000,29669,65305,24974,54329,229,40560,0
586,585000,28219,62456,34083,60543,3078,31451,0
587,586000,27337,57042,43345,64324,8492,22190,0
588,587000,27109,49473,51851,65299,16061,13683,0
589,588000,27553,40566,58778,63400,24968,6756,0
590,589000,28616,31195,63446,58841,34339,2088,0
591,590000,30219,22282,65393,51973,43252,141,0
592,591000,32200,14695,64438,43485,50839,1096,0
593,592000,34357,9175,60713,34238,56359,4821,0
594,593000,36480,6270,54534,25143,59265,11000,0
595,594000,38359,6264,46459,17089,59270,19075,0
596,595000,39811,9118,37333,10865,56416,28201,0
597,596000,40694,14550,28056,7081,50984,37478,0
598,597000,40919,22138,19540,6115,43396,45994,0
599,598000,40473,31060,12616,8029,34474,52918,0
600,599000,39405,40436,7959,12606,25099,57575,0
601,600000,37799,49344,6031,19488,16191,59504,0
602,601000,35818,56916,7004,27978,8618,58530,0
603,602000,33662,62416,10739,37216,3118,54795,0
604,603000,31544,65305,16918,46296,229,48616,0
605,604000,29669,65301,24983,54330,233,40551,0
606,605000,28220,62450,34092,60540,3084,31442,0
607,606000,27338,57030,43352,64318,8505,22182,0
608,607000,27112,49459,51856,65290,16075,13678,0
609,608000,27556,40551,58779,63388,24983,6755,0
610,609000,28620,31182,63445,58826,34352,2090,0
611,610000,30223,22271,65388,51956,43263,146,0
612,611000,32203,14687,64429,43468,50847,1105,0
613,612000,34361,9170,60702,34222,56364,4832,0
614,613000,36483,6269,54521,25128,59265,11013,0
615,614000,38361,6267,46445,17078,59267,19089,0
616,615000,39813,9124,37319,10857,56410,28215,0
617,616000,40695,14558,28044,7077,50976,37490,0
618,617000,40920,22146,19531,6114,43388,46003,0
619,618000,40472,31068,12610,8031,34466,52924,0
620,619000,39404,40443,7957,12610,25091,57577,0
621,620000,37796,49348,6032,19499,16186,59502,0
622,621000,35815,56918,7008,27989,8616,58526,0
623,622000,33660,62415,10746,37227,3119,54789,0
624,623000,31542,65300,16927,46304,234,48607,0
625,624000,29668,65293,24992,54336,241,40542,0
626,625000,28219,62438,34101,60543,3096,31433,0
627,626000,27339,57016,43359,64317,8518,22175,0
628,627000,27113,49444,51861,65285,16090,13673,0
629,628000,27557,40537,58781,63380,24998,6753,0
630,629000,28622,31169,63443,58817,34365,2091,0
631,630000,30226,22260,65382,51945,43274,152,0
632,631000,32206,14679,64420,43457,50855,1114,0
633,632000,34363,9166,60690,34212,56368,4844,0
634,633000,36485,6268,54508,25120,59266,11026,0
635,634000,38363,6269,46431,17072,59265,19103,0
636,635000,39814,9129,37306,10854,56405,28228,0
637,636000,40695,14565,28033,7078,50969,37502,0
638,637000,40919,22155,19522,6119,43380,46012,0
639,638000,40470,31076,12604,8039,34458,52930,0
640,639000,39401,40450,7954,12620,25085,57580,0
641,640000,37795,49353,6033,19504,16181,59501,0
642,641000,35814,56919,7012,27995,8615,58522,0
643,642000,33659,62413,10752,37232,3121,54782,0
644,643000,31541,65295,16935,46308,240,48599,0
645,644000,29667,65284,25001,54337,250,40533,0
646,645000,28220,62427,34110,60540,3107,31424,0
647,646000,27340,57003,43366,64311,8532,22168,0
648,647000,27115,49430,51866,65276,16105,13668,0
649,648000,27560,40522,58783,63368,25012,6751,0
650,649000,28626,31155,63441,58802,34379,2093,0
651,650000,30229,22249,65377,51928,43285,157,0
652,651000,32210,14671,64411,43440,50863,1123,0
653,652000,34367,9161,60679,34196,56373,4855,0
654,653000,36488,6267,54495,25106,59267,11040,0
655,654000,38365,6272,46418,17061,59262,19116,0
656,655000,39815,9135,37293,10846,56399,28241,0
657,656000,40696,14573,28021,7074,50961,37513,0
658,657000,40919,22163,19513,6118,43371,46021,0
659,658000,40470,31084,12598,8041,34450,52936,0
660,659000,39400,40457,7952,12625,25078,57582,0
661,660000,37794,49358,6034,19510,16176,59500,0
662,661000,35812,56921,7017,28001,8613,58518,0
663,662000,33657,62411,10759,37238,3123,54775,0
664,663000,31540,65289,16944,46311,245,48590,0
665,664000,29667,65276,25011,54337,258,40523,0
666,665000,28221,62415,34119,60538,3119,31415,0
667,666000,27342,56989,43374,64305,8545,22160,0
668,667000,27117,49415,51871,65266,16119,13663,0
669,668000,27563,40508,58784,63355,25026,6750,0
670,669000,28629,31142,63439,58787,34392,2095,0
671,670000,30233,22238,65371,51912,43296,163,0
672,671000,32214,14663,64403,43423,50871,1131,0
673,672000,34371,9157,60668,34180,56377,4866,0
674,673000,36491,6266,54482,25092,59268,11053,0
675,674000,38368,6274,46404,17050,59260,19130,0
676,675000,39817,9140,37280,10838,56394,28254,0
677,676000,40697,14585,28009,7069,50949,37525,0
678,677000,40919,22177,19504,6117,43357,46030,0
679,678000,40469,31098,12592,8043,34436,52942,0
680,679000,39399,40469,7950,12629,25065,57584,0
681,680000,37791,49368,6035,19521,16166,59499,0
682,681000,35810,56928,7021,28013,8606,58513,0
683,682000,33655,62415,10766,37248,3119,54768,0
684,683000,31538,65290,16952,46320,245,48582,0
685,684000,29666,65272,25020,54343,262,40514,0
686,685000,28220,62409,34128,60540,3125,31407,0
687,686000,27342,56981,43381,64304,8553,22153,0
688,687000,27118,49406,51876,65262,16128,13658,0
689,688000,27565,40499,58786,63348,25035,6748,0
690,689000,28631,31134,63437,58777,34400,2097,0
691,690000,30236,22232,65366,51901,43302,168,0
692,691000,32217,14660,64394,43412,50874,1140,0
693,692000,34373,9158,60656,34169,56377,4878,0
694,693000,36493,6270,54469,25083,59264,11065,0
695,694000,38369,6282,46390,17044,59252,19144,0
696,695000,39818,9151,37267,10836,56383,28268,0
697,696000,40696,14593,27998,7071,50941,37536,0
698,697000,40918,22185,19495,6122,43349,46039,0
699,698000,40468,31106,12586,8051,34428,52948,0
700,699000,39397,40476,7947,12639,25058,57587,0
701,700000,37790,49373,6036,19527,16161,59498,0
702,701000,35808,56930,7025,28019,8604,58509,0
703,702000,33654,62414,10773,37253,3120,54761,0
704,703000,31537,65284,16961,46323,250,48573,0
705,704000,29666,65264,25029,54344,270,40505,0
706,705000,28221,62398,34136,60538,3136,31398,0
707,706000,27343,56968,43388,64298,8567,22146,0
708,707000,27121,49392,51880,65252,16143,13654,0
709,708000,27568,40484,58788,63335,25050,6746,0
710,709000,28635,31121,63435,58762,34413,2099,0
711,710000,30240,22221,65360,51885,43313,174,0
712,711000,32220,14652,64385,43396,50882,1149,0
713,712000,34377,9153,60645,34154,56381,4889,0
714,713000,36497,6269,54456,25069,59265,11078,0
715,714000,38372,6285,46377,17033,59249,19157,0
716,715000,39820,9156,37253,10828,56378,28281,0
717,716000,40697,14600,27986,7067,50934,37548,0
718,717000,40918,22193,19486,6121,43341,46048,0
719,718000,40467,31114,12581,8053,34420,52954,0
720,719000,39396,40483,7945,12643,25051,57589,0
721,720000,37787,49377,6038,19538,16157,59496,0
722,721000,35806,56932,7030,28030,8602,58505,0
723,722000,33651,62412,10780,37264,3122,54754,0
724,723000,31535,65279,16969,46332,255,48565,0
725,724000,29664,65255,25038,54350,279,40496,0
726,725000,28220,62386,34145,60540,3148,31389,0
727,726000,27343,56954,43396,64297,8580,22139,0
728,727000,27121,49377,51885,65248,16157,13649,0
729,728000,27569,40470,58789,63328,25064,6745,0
730,729000,28637,31108,63433,58753,34426,2101,0
731,730000,30243,22210,65355,51869,43324,179,0
732,731000,32224,14644,64377,43379,50890,1157,0
733,732000,34381,9149,60634,34138,56385,4900,0
734,733000,36500,6269,54443,25056,59265,11091,0
735,734000,38374,6287,46363,17022,59247,19171,0
736,735000,39821,9162,37240,10821,56372,28294,0
737,736000,40698,14612,27975,7062,50922,37559,0
738,737000,40918,22207,19477,6120,43327,46057,0
739,738000,40466,31128,12575,8056,34406,52959,0
740,739000,39395,40495,7943,12648,25039,57591,0
741,740000,37786,49388,6039,19544,16147,59495,0
742,741000,35804,56939,7034,28036,8595,58500,0
743,742000,33650,62416,10787,37269,3118,54747,0
744,743000,31534,65279,16978,46335,255,48556,0
745,744000,29664,65252,25047,54351,282,40487,0
746,745000,28220,62380,34154,60538,3154,31380,0
747,746000,27345,56946,43403,64291,8588,22131,0
748,747000,27124,49368,51890,65238,16166,13644,0
749,748000,27572,40461,58791,63315,25073,6743,0
750,749000,28641,31100,63431,58738,34434,2103,0
751,750000,30246,22205,65349,51858,43330,185,0
752,751000,32227,14641,64368,43368,50893,1166,0
753,752000,34383,9149,60623,34128,56385,4911,0
754,753000,36502,6273,54435,25047,59261,11099,0
755,754000,38376,6295,46355,17016,59239,19179,0
756,755000,39822,9172,37233,10818,56362,28301,0
757,756000,40698,14620,27969,7064,50914,37565,0
758,757000,40917,22215,19473,6125,43319,46061,0
759,758000,40465,31136,12574,8063,34398,52960,0
760,759000,39393,40502,7946,12658,25032,57588,0
761,760000,37784,49392,6046,19550,16142,59489,0
762,761000,35803,56941,7043,28042,8593,58491,0
763,762000,33649,62414,10799,37274,3120,54735,0
764,763000,31534,65274,16992,46339,260,48542,0
765,764000,29664,65244,25062,54351,290,40472,0
766,765000,28221,62369,34168,60535,3165,31366,0
767,766000,27346,56933,43415,64285,8601,22119,0
768,767000,27126,49354,51900,65229,16180,13634,0
769,768000,27575,40447,58798,63303,25087,6736,0
770,769000,28644,31087,63435,58723,34447,2099,0
771,770000,30250,22194,65349,51841,43341,185,0
772,771000,32231,14633,64365,43351,50901,1169,0
773,772000,34387,9145,60617,34112,56389,4917,0
774,773000,36505,6272,54422,25033,59262,11112,0
775,774000,38378,6298,46341,17005,59236,19193,0
776,775000,39824,9178,37220,10811,56356,28315,0
777,776000,40699,14628,27957,7060,50906,37577,0
778,777000,40917,22224,19464,6125,43310,46070,0
779,778000,40464,31144,12569,8066,34390,52965,0
780,779000,39392,40509,7944,12663,25025,57590,0
781,780000,37782,49397,6047,19562,16137,59487,0
782,781000,35800,56943,7048,28054,8591,58486,0
783,782000,33646,62413,10806,37285,3121,54728,0
784,783000,31532,65269,17000,46348,265,48534,0
785,784000,29663,65235,25071,54358,299,40463,0
786,785000,28220,62358,34177,60538,3176,31357,0
787,786000,27346,56919,43423,64285,8615,22111,0
788,787000,27127,49339,51905,65225,16195,13629,0
789,788000,27577,40432,58800,63296,25102,6734,0
790,789000,28646,31074,63433,58713,34460,2101,0
791,790000,30254,22183,65344,51825,43351,190,0
792,791000,32235,14625,64356,43335,50909,1178,0
793,792000,34390,9140,60606,34096,56394,4928,0
794,793000,36508,6272,54409,25020,59262,11125,0
795,794000,38381,6301,46328,16994,59233,19206,0
796,795000,39825,9183,37206,10803,56351,28328,0
797,796000,40700,14640,27946,7056,50894,37588,0
798,797000,40917,22237,19455,6124,43297,46079,0
799,798000,40464,31158,12563,8068,34376,52971,0
800,799000,39390,40521,7942,12667,25013,57592,0
801,800000,37780,49407,6048,19568,16127,59486,0
802,801000,35799,56950,7052,28060,8584,58482,0
803,802000,33645,62416,10813,37290,3118,54722,0
804,803000,31531,65269,17009,46351,265,48525,0
805,804000,29662,65232,25081,54358,302,40453,0
806,805000,28221,62352,34186,60536,3182,31348,0
807,806000,27348,56911,43430,64279,8623,22104,0
808,807000,27129,49330,51910,65215,16204,13624,0
809,808000,27580,40423,58801,63283,25111,6733,0
810,809000,28650,31066,63431,58698,34468,2103,0
811,810000,30257,22177,65338,51809,43357,196,0
812,811000,32238,14623,64348,43318,50911,1186,0
813,812000,34394,9141,60595,34081,56393,4939,0
814,813000,36511,6276,54396,25006,59258,11138,0
815,814000,38383,6309,46314,16983,59225,19220,0
816,815000,39827,9194,37193,10796,56340,28341,0
817,816000,40701,14648,27934,7052,50886,37600,0
818,817000,40917,22246,19446,6124,43288,46088,0
819,818000,40463,31166,12557,8071,34368,52977,0
820,819000,39389,40528,7939,12672,25006,57595,0
821,820000,37779,49412,6049,19574,16122,59485,0
822,821000,35797,56952,7057,28066,8582,58477,0
823,822000,33644,62415,10820,37296,3119,54715,0
824,823000,31530,65264,17018,46355,270,48516,0
825,824000,29662,65223,25090,54359,311,40444,0
826,825000,28222,62340,34195,60534,3194,31339,0
827,826000,27349,56898,43438,64273,8636,22096,0
828,827000,27131,49316,51915,65206,16218,13619,0
829,828000,27583,40409,58803,63271,25125,6731,0
830,829000,28653,31053,63429,58684,34481,2105,0
831,830000,30260,22166,65333,51798,43368,201,0
832,831000,32241,14615,64339,43307,50919,1195,0
833,832000,34396,9137,60583,34070,56397,4951,0
834,833000,36513,6275,54383,24998,59259,11151,0
835,834000,38385,6312,46300,16978,59222,19234,0
836,835000,39828,9200,37180,10793,56334,28354,0
837,836000,40700,14656,27923,7053,50879,37611,0
838,837000,40916,22254,19437,6128,43280,46097,0
839,838000,40461,31175,12551,8079,34360,52983,0
840,839000,39387,40535,7937,12682,24999,57597,0
841,840000,37776,49417,6051,19585,16117,59483,0
842,841000,35795,56954,7061,28078,8580,58473,0
843,842000,33641,62413,10827,37307,3121,54707,0
844,843000,31528,65259,17026,46364,275,48508,0
845,844000,29661,65215,25100,54366,319,40435,0
846,845000,28221,62329,34204,60537,3205,31330,0
847,846000,27349,56885,43445,64272,8650,22089,0
848,847000,27132,49301,51920,65202,16233,13614,0
849,848000,27585,40395,58805,63264,25140,6729,0
850,849000,28655,31040,63427,58674,34494,2107,0
851,850000,30264,22155,65328,51782,43379,206,0
852,851000,32245,14607,64330,43291,50927,1204,0
853,852000,34400,9132,60572,34055,56402,4962,0
854,853000,36517,6275,54370,24984,59259,11164,0
855,854000,38387,6314,46287,16967,59220,19247,0
856,855000,39830,9205,37167,10786,56329,28367,0
857,856000,40701,14663,27911,7049,50871,37623,0
858,857000,40916,22263,19428,6128,43271,46106,0
859,858000,40461,31183,12545,8081,34351,52989,0
860,859000,39386,40543,7935,12687,24991,57599,0
861,860000,37775,49422,6052,19591,16112,59482,0
862,861000,35793,56956,7066,28085,8578,58468,0
863,862000,33640,62412,10834,37312,3122,54700,0
864,863000,31527,65254,17035,46368,280,48499,0
865,864000,29660,65206,25109,54367,328,40425,0
866,865000,28221,62317,34213,60534,3217,31321,0
867,866000,27351,56871,43453,64266,8663,22081,0
868,867000,27134,49287,51925,65192,16247,13609,0
869,868000,27587,40380,58807,63251,25154,6727,0
870,869000,28659,31026,63426,58659,34508,2108,0
871,870000,30267,22144,65322,51765,43390,212,0
872,871000,32249,14599,64322,43274,50935,1212,0
873,872000,34404,9128,60561,34039,56406,4973,0
874,873000,36520,6274,54357,24970,59260,11177,0
875,874000,38390,6317,46273,16956,59217,19261,0
876,875000,39831,9211,37154,10778,56323,28380,0
877,876000,40702,14676,27900,7045,50858,37635,0
878,877000,40916,22277,19419,6128,43257,46115,0
879,878000,40460,31197,12540,8084,34337,52995,0
880,879000,39385,40555,7933,12692,24979,57601,0
881,880000,37773,49432,6053,19598,16102,59481,0
882,881000,35791,56963,7070,28091,8571,58464,0
883,882000,33639,62416,10841,37318,3118,54693,0
884,883000,31526,65254,17044,46371,280,48490,0
885,884000,29660,65203,25119,54368,331,40416,0
886,885000,28222,62312,34222,60532,3223,31312,0
887,886000,27352,56863,43460,64260,8671,22074,0
888,887000,27137,49277,51930,65183,16257,13604,0
889,888000,27590,40371,58809,63239,25163,6725,0
890,889000,28662,31019,63424,58644,34516,2110,0
891,890000,30270,22138,65317,51754,43396,217,0
892,891000,32251,14596,64313,43263,50938,1221,0
893,892000,34406,9129,60549,34028,56405,4985,0
894,893000,36522,6279,54344,24961,59256,11190,0
895,894000,38391,6325,46259,16950,59209,19275,0
896,895000,39832,9222,37141,10776,56312,28394,0
897,896000,40702,14684,27888,7047,50850,37646,0
898,897000,40915,22286,19410,6132,43248,46124,0
899,898000,40458,31205,12534,8092,34329,53000,0
900,899000,39382,40563,7930,12702,24972,57604,0
901,900000,37771,49437,6055,19609,16097,59479,0
902,901000,35789,56965,7075,28103,8569,58459,0
903,902000,33636,62414,10848,37329,3120,54686,0
904,903000,31524,65249,17053,46381,285,48481,0
905,904000,29659,65195,25128,54374,339,40406,0
906,905000,28221,62300,34231,60535,3234,31303,0
907,906000,27352,56850,43468,64260,8684,22066,0
908,907000,27138,49263,51935,65179,16271,13599,0
909,908000,27592,40356,58811,63232,25178,6723,0
910,909000,28665,31005,63422,58635,34529,2112,0
911,910000,30274,22127,65312,51738,43407,222,0
912,911000,32255,14588,64304,43246,50946,1230,0
913,912000,34410,9124,60538,34013,56410,4996,0
914,913000,36525,6278,54331,24948,59256,11203,0
915,914000,38394,6328,46246,16939,59206,19289,0
916,915000,39834,9227,37127,10768,56307,28407,0
917,916000,40703,14691,27876,7043,50843,37658,0
918,917000,40915,22294,19401,6132,43240,46133,0
919,918000,40457,31214,12528,8094,34320,53006,0
920,919000,39381,40570,7928,12707,24964,57606,0
921,920000,37769,49442,6056,19615,16092,59478,0
922,921000,35787,56967,7079,28110,8567,58455,0
923,922000,33635,62413,10855,37335,3121,54679,0
924,923000,31523,65244,17062,46385,290,48472,0
925,924000,29658,65186,25138,54376,348,40396,0
926,925000,28222,62289,34240,60533,3245,31294,0
927,926000,27353,56836,43475,64254,8698,22059,0
928,927000,27140,49248,51941,65170,16286,13594,0
929,928000,27595,40342,58813,63219,25192,6721,0
930,929000,28668,30992,63421,58620,34542,2113,0
931,930000,30278,22116,65306,51722,43418,228,0
932,931000,32259,14580,64296,43229,50954,1238,0
933,932000,34413,9120,60527,33997,56414,5007,0
934,933000,36528,6277,54318,24934,59257,11216,0
935,934000,38396,6330,46232,16928,59204,19302,0
936,935000,39835,9233,37114,10760,56301,28420,0
937,936000,40704,14699,27865,7039,50835,37669,0
938,937000,40915,22303,19392,6132,43231,46142,0
939,938000,40457,31222,12522,8097,34312,53012,0
940,939000,39380,40577,7926,12712,24957,57608,0
941,940000,37768,49448,6057,19622,16087,59477,0
942,941000,35786,56969,7084,28116,8565,58450,0
943,942000,33633,62412,10862,37341,3123,54672,0
944,943000,31522,65239,17071,46388,295,48463,0
945,944000,29658,65178,25147,54377,356,40387,0
946,945000,28222,62278,34249,60531,3256,31285,0
947,946000,27355,56823,43483,64248,8711,22051,0
948,947000,27142,49234,51946,65160,16300,13588,0
949,948000,27598,40327,58815,63207,25207,6719,0
950,949000,28671,30979,63419,58606,34556,2115,0
951,950000,30281,22105,65301,51706,43429,233,0
952,951000,32263,14572,64287,43213,50962,1247,0
953,952000,34417,9115,60516,33981,56419,5018,0
954,953000,36531,6276,54305,24920,59258,11229,0
955,954000,38399,6333,46218,16917,59201,19316,0
956,955000,39837,9238,37101,10753,56296,28433,0
957,956000,40705,14711,27853,7035,50823,37681,0
958,957000,40916,22317,19383,6131,43217,46151,0
959,958000,40456,31236,12516,8099,34298,53018,0
960,959000,39379,40590,7923,12717,24944,57611,0
961,960000,37766,49458,6059,19628,16076,59475,0
962,961000,35784,56977,7089,28123,8557,58445,0
963,962000,33632,62416,10870,37347,3118,54665,0
964,963000,31521,65239,17085,46392,295,48449,0
965,964000,29658,65175,25162,54378,359,40372,0
966,965000,28223,62272,34264,60529,3262,31270,0
967,966000,27356,56815,43496,64243,8719,22038,0
968,967000,27144,49225,51956,65151,16309,13578,0
969,968000,27601,40318,58822,63195,25216,6712,0
970,969000,28675,30971,63423,58591,34564,2111,0
971,970000,30284,22099,65301,51695,43435,233,0
972,971000,32266,14569,64284,43202,50965,1250,0
973,972000,34420,9116,60510,33971,56418,5024,0
974,973000,36533,6281,54298,24912,59253,11236,0
975,974000,38400,6341,46210,16911,59193,19324,0
976,975000,39838,9249,37093,10751,56285,28441,0
977,976000,40704,14719,27847,7036,50815,37687,0
978,977000,40914,22326,19379,6136,43208,46155,0
979,978000,40454,31245,12515,8107,34289,53019,0
980,979000,39376,40597,7926,12727,24937,57608,0
981,980000,37764,49463,6065,19640,16071,59469,0
982,981000,35781,56979,7098,28135,8555,58436,0
983,982000,33629,62414,10882,37358,3120,54652,0
984,983000,31519,65234,17094,46402,300,48440,0
985,984000,29656,65167,25172,54385,368,40362,0
986,985000,28222,62261,34273,60533,3273,31261,0
987,986000,27356,56802,43504,64243,8732,22030,0
988,987000,27145,49210,51962,65148,16324,13573,0
989,988000,27602,40304,58825,63188,25230,6710,0
990,989000,28677,30957,63422,58582,34577,2112,0
991,990000,30288,22088,65296,51679,43446,238,0
992,991000,32269,14561,64276,43185,50973,1259,0
993,992000,34423,9112,60499,33955,56423,5035,0
994,993000,36537,6280,54285,24898,59254,11249,0
995,994000,38403,6344,46196,16900,59191,19338,0
996,995000,39839,9255,37080,10743,56279,28454,0
997,996000,40705,14727,27835,7032,50807,37699,0
998,997000,40915,22334,19370,6136,43200,46164,0
999,998000,40454,31253,12510,8110,34281,53025,0
1000,999000,39375,40605,7924,12732,24929,57610,0
1001,1000000,37762,49468,6066,19646,16066,59468,0
1002,1001000,669,54112,4281,21118,11422,61253,1
1003,1002000,611,54977,3828,21144,10557,61706,1
1004,1003000,177,53474,6280,21181,12060,59254,1
1005,1004000,0,49736,10990,21225,15798,54544,1
1006,1005000,88,43814,17307,21278,21720,48227,1
1007,1006000,248,36652,24573,21331,28882,40961,1
1008,1007000,419,29063,32164,21386,36471,33370,1
1009,1008000,818,21601,39105,21439,43933,26429,1
1010,1009000,1387,14802,44889,21477,50732,20645,1
1011,1010000,1870,9416,49810,21508,56118,15724,1
1012,1011000,2914,5962,52510,21528,59572,13024,1
1013,1012000,16193,4943,52401,21535,60591,13133,1
1014,1013000,61683,6575,50137,21530,58959,15397,1
1015,1014000,61963,10148,45906,21516,55386,19629,1
1016,1015000,62074,15235,40163,21494,50300,25371,1
1017,1016000,61847,21765,33677,21468,43769,31857,1
1018,1017000,61628,28977,26606,21444,36558,38928,1
1019,1018000,61274,36226,19648,21423,29308,45886,1
1020,1019000,60540,42911,13640,21409,22623,51894,1
1021,1020000,47367,48300,9143,21405,17235,56391,1
1022,1021000,1807,51722,6529,21413,13813,59005,1
1023,1022000,1161,52888,6323,21432,12646,59211,1
1024,1023000,974,51693,8363,21463,13841,57171,1
1025,1024000,985,48402,12227,21503,17132,53307,1
1026,1025000,1061,43300,17749,21549,22234,47785,1
1027,1026000,1223,36778,24440,21597,28756,41094,1
1028,1027000,1471,29511,31555,21646,36024,33979,1
1029,1028000,1798,22261,38414,21689,43273,27120,1
1030,1029000,2230,15740,44329,21725,49794,21205,1
1031,1030000,2927,10521,48712,21751,55013,16823,1
1032,1031000,4476,7189,51195,21765,58345,14339,1
1033,1032000,61465,6126,51415,21768,59408,14119,1
1034,1033000,62553,7345,49415,21760,58189,16119,1
1035,1034000,62794,10537,45585,21741,54997,19949,1
1036,1035000,62802,15527,40148,21717,50007,25386,1
1037,1036000,62677,21956,33600,21689,43578,31934,1
1038,1037000,62424,29124,26601,21662,36410,38933,1
1039,1038000,62038,36297,19817,21639,29237,45717,1
1040,1039000,61366,42751,13990,21623,22783,51544,1
1041,1040000,57523,47897,9637,21617,17637,55897,1
1042,1041000,2572,51216,7220,21622,14318,58314,1
1043,1042000,1919,52272,7052,21639,13262,58482,1
1044,1043000,1725,51079,9018,21667,14455,56516,1
1045,1044000,1700,47879,12826,21703,17655,52708,1
1046,1045000,1779,42821,18294,21746,22713,47240,1
1047,1046000,1941,36348,24903,21791,29186,40631,1
1048,1047000,2190,29170,31920,21836,36364,33614,1
1049,1048000,2527,22074,38614,21876,43460,26920,1
1050,1049000,2999,15732,44329,21908,49802,21205,1
1051,1050000,3740,10689,48590,21931,54845,16944,1
1052,1051000,6961,7500,50926,21942,58034,14608,1
1053,1052000,62563,6559,51015,21941,58975,14519,1
1054,1053000,63239,7799,49009,21930,57735,16525,1
1055,1054000,63408,11027,45182,21909,54507,20352,1
1056,1055000,63390,16073,39727,21883,49461,25807,1
1057,1056000,63252,22529,33161,21853,43005,32373,1
1058,1057000,62997,29678,26188,21825,35856,39346,1
1059,1058000,62610,36711,19564,21800,28823,45970,1
1060,1059000,61951,42978,13932,21783,22556,51602,1
1061,1060000,59381,47958,9753,21776,17577,55781,1
1062,1061000,3197,51089,7505,21780,14445,58029,1
1063,1062000,2471,51982,7471,21796,13552,58063,1
1064,1063000,2253,50695,9525,21822,14839,56009,1
1065,1064000,2220,47405,13413,21857,18129,52121,1
1066,1065000,2299,42277,18921,21898,23257,46613,1
1067,1066000,2466,35787,25519,21942,29747,40015,1
1068,1067000,2718,28654,32481,21984,36880,33053,1
1069,1068000,3068,21676,39040,22021,43858,26494,1
1070,1069000,3565,15491,44594,22051,50043,20940,1
1071,1070000,4400,10624,48682,22071,54910,16852,1
1072,1071000,15622,7618,50829,22080,57916,14706,1
1073,1072000,63215,6823,50783,22077,58711,14751,1
1074,1073000,63718,8187,48681,22063,57348,16853,1
1075,1074000,63849,11533,44742,22041,54001,20792,1
1076,1075000,63811,16692,39205,22013,48842,26329,1
1077,1076000,63658,23198,32618,21983,42336,32916,1
1078,1077000,63395,30309,25700,21953,35225,39834,1
1079,1078000,63001,37228,19208,21928,28306,46327,1
1080,1079000,62337,43346,13738,21911,22188,51796,1
1081,1080000,59923,48136,9744,21904,17399,55790,1
1082,1081000,3600,51058,7700,21908,14476,57834,1
1083,1082000,2854,51780,7826,21923,13754,57708,1
1084,1083000,2637,50350,10004,21949,15184,55531,1
1085,1084000,2605,46932,13997,21983,18602,51537,1
1086,1085000,2686,41700,19591,22023,23834,45944,1
1087,1086000,2858,35167,26204,22065,30367,39330,1
1088,1087000,3117,28079,33100,22105,37455,32434,1
1089,1088000,3479,21220,39526,22141,44314,26008,1
1090,1089000,4006,15185,44918,22169,50349,20616,1
1091,1090000,4952,10502,48820,22187,55032,16715,1
1092,1091000,41421,7698,50771,22194,57836,14763,1
1093,1092000,63666,7070,50567,22189,58464,14967,1
1094,1093000,64074,8588,48326,22174,56946,17208,1
1095,1094000,64173,12079,44260,22150,53455,21274,1
1096,1095000,64118,17359,38633,22121,48175,26901,1
1097,1096000,63952,23916,32022,22090,41618,33513,1
1098,1097000,63680,30984,25167,22060,34550,40367,1
1099,1098000,63275,37785,18810,22036,27749,46724,1
1100,1099000,62593,43745,13510,22019,21790,52024,1
1101,1100000,59816,48334,9720,22011,17201,55814,1
1102,1101000,3853,51041,7882,22016,14493,57652,1
1103,1102000,3135,51584,8174,22031,13950,57360,1
1104,1103000,2925,49991,10497,22057,15543,55037,1
1105,1104000,2899,46429,14620,22091,19105,50914,1
1106,1105000,2986,41082,20296,22130,24452,45238,1
1107,1106000,3164,34512,26920,22171,31022,38614,1
1108,1107000,3431,27480,33737,22210,38055,31797,1
1109,1108000,3806,20743,40024,22244,44791,25510,1
1110,1109000,4362,14870,45247,22270,50664,20287,1
1111,1110000,5444,10387,48945,22286,55147,16589,1
1112,1111000,59566,7791,50693,22291,57743,14841,1
1113,1112000,63998,7340,50324,22285,58194,15210,1
1114,1113000,64342,9026,47933,22269,56508,17601,1
1115,1114000,64415,12668,43737,22244,52867,21797,1
1116,1115000,64345,18068,38025,22214,47466,27509,1
1117,1116000,64168,24663,31402,22183,40871,34132,1
1118,1117000,63885,31670,24630,22154,33864,40904,1
1119,1118000,63466,38342,18420,22129,27192,47114,1
1120,1119000,62757,44130,13300,22113,21404,52234,1
1121,1120000,58878,48508,9724,22106,17026,55810,1
1122,1121000,4014,50999,8092,22111,14535,57442,1
1123,1122000,3344,51358,8555,22127,14176,56979,1
1124,1123000,3148,49596,11026,22153,15938,54509,1
1125,1124000,3131,45887,15274,22186,19647,50260,1
1126,1125000,3224,40436,21023,22225,25098,44511,1
1127,1126000,3409,33842,27644,22265,31692,37890,1
1128,1127000,3686,26882,34367,22303,38652,31167,1
1129,1128000,4075,20280,40504,22336,45254,25030,1
1130,1129000,4662,14582,45544,22361,50952,19990,1
1131,1130000,5919,10308,49030,22375,55226,16504,1
1132,1131000,62753,7919,50578,22379,57615,14956,1
1133,1132000,64252,7652,50040,22371,57882,15494,1
1134,1133000,64546,9508,47499,22354,56026,18035,1
1135,1134000,64598,13299,43170,22328,52235,22364,1
1136,1135000,64515,18808,37386,22298,46726,28148,1
1137,1136000,64327,25420,30773,22267,40114,34761,1
1138,1137000,64033,32347,24101,22238,33188,41433,1
1139,1138000,63598,38878,18048,22214,26656,47486,1
1140,1139000,62853,44481,13121,22198,21053,52413,1
1141,1140000,57432,48643,9761,22192,16892,55773,1
1142,1141000,4117,50926,8327,22198,14608,57207,1
1143,1142000,3504,51100,8960,22214,14434,56574,1
1144,1143000,3324,49172,11576,22240,16362,53959,1
1145,1144000,3316,45314,15948,22274,20220,49586,1
1146,1145000,3417,39772,21758,22312,25762,43776,1
1147,1146000,3610,33177,28353,22351,32357,37181,1
1148,1147000,3895,26306,34968,22388,39228,30566,1
1149,1148000,4299,19848,40946,22420,45686,24589,1
1150,1149000,4920,14336,45793,22443,51198,19741,1
1151,1150000,6418,10276,49066,22456,55258,16468,1
1152,1151000,63375,8083,50425,22459,57451,15109,1
1153,1152000,64451,8001,49718,22450,57533,15816,1
1154,1153000,64706,10022,47033,22431,55512,18501,1
1155,1154000,64740,13956,42582,22406,51578,22952,1
1156,1155000,64644,19556,36741,22375,45978,28793,1
1157,1156000,64445,26159,30162,22344,39375,35372,1
1158,1157000,64141,32990,23605,22315,32544,41929,1
1159,1158000,63688,39372,17716,22292,26162,47818,1
1160,1159000,62901,44782,12988,22277,20753,52546,1
1161,1160000,53690,48729,9839,22273,16805,55695,1
1162,1161000,4191,50818,8589,22279,14716,56945,1
1163,1162000,3633,50811,9387,22296,14723,56147,1
1164,1163000,3470,48723,12140,22322,16811,53394,1
1165,1164000,3472,44728,16624,22356,20806,48910,1
1166,1165000,3580,39114,22478,22393,26420,43056,1
1167,1166000,3781,32540,29027,22432,32994,36507,1
1168,1167000,4075,25769,35524,22468,39765,30010,1
1169,1168000,4493,19462,41338,22498,46072,24196,1
1170,1169000,5149,14142,45989,22520,51392,19545,1
1171,1170000,7022,10286,49060,22532,55248,16474,1
1172,1171000,63732,8281,50240,22533,57253,15294,1
1173,1172000,64610,8377,49372,22524,57157,16162,1
1174,1173000,64833,10555,46552,22504,54979,18982,1
1175,1174000,64851,14620,41994,22478,50915,23540,1
1176,1175000,64744,20285,36116,22448,45249,29418,1
1177,1176000,64535,26858,29591,22417,38676,35943,1
1178,1177000,64220,33584,23155,22389,31950,42379,1
1179,1178000,63750,39812,17434,22367,25722,48100,1
1180,1179000,62914,45028,12902,22353,20506,52632,1
1181,1180000,45596,48776,9948,22349,16758,55586,1
1182,1181000,4246,50682,8871,22355,14852,56663,1
1183,1182000,3738,50504,9823,22373,15030,55711,1
1184,1183000,3591,48268,12703,22400,17266,52831,1
1185,1184000,3602,44152,17282,22433,21382,48252,1
1186,1185000,3718,38487,23161,22471,27047,42374,1
1187,1186000,3927,31950,29649,22509,33584,35885,1
1188,1187000,4229,25285,36025,22544,40249,29509,1
1189,1188000,4662,19130,41676,22573,46404,23858,1
1190,1189000,5355,13998,46136,22594,51536,19398,1
1191,1190000,7951,10328,49025,22604,55206,16510,1
1192,1191000,63988,8501,50036,22604,57033,15498,1
1193,1192000,64738,8763,49019,22594,56771,16515,1
1194,1193000,64934,11084,46078,22574,54450,19456,1
1195,1194000,64938,15264,41430,22548,50271,24104,1
1196,1195000,64821,20970,35536,22517,44564,29998,1
1197,1196000,64603,27500,29074,22487,38034,36460,1
1198,1197000,64278,34120,22760,22459,31414,42774,1
1199,1198000,63790,40194,17204,22438,25340,48330,1
1200,1199000,62901,45227,12856,22425,20307,52678,1
1201,1200000,32934,48797,10074,22421,16738,55460,1
1202,1201000,4292,50531,9159,22429,15003,56375,1
1203,1202000,3827,50196,10251,22447,15338,55283,1
1204,1203000,3694,47827,13241,22474,17707,52293,1
1205,1204000,3714,43609,17901,22507,21926,47633,1
1206,1205000,3838,37913,23785,22545,27621,41749,1
1207,1206000,4053,31422,30208,22582,34112,35326,1
1208,1207000,4363,24862,36467,22616,40673,29068,1
1209,1208000,4810,18854,41962,22644,46680,23573,1
1210,1209000,5540,13893,46249,22664,51641,19285,1
1211,1210000,9791,10390,48973,22674,55144,16561,1
1212,1211000,64183,8729,49829,22673,56805,15705,1
1213,1212000,64841,9142,48679,22661,56392,16855,1
1214,1213000,65016,11588,45633,22641,53946,19901,1
1215,1214000,65008,15858,40916,22615,49676,24618,1
1216,1215000,64882,21588,35021,22585,43946,30513,1
1217,1216000,64656,28069,28627,22554,37465,36907,1
1218,1217000,64322,34584,22430,22528,30950,43104,1
1219,1218000,63816,40517,17023,22507,25017,48511,1
1220,1219000,62874,45388,12835,22494,20146,52699,1
1221,1220000,24680,48798,10210,22492,16736,55324,1
1222,1221000,4332,50376,9441,22500,15158,56093,1
1223,1222000,3901,49902,10656,22518,15632,54878,1
1224,1223000,3781,47419,13740,22546,18115,51794,1
1225,1224000,3809,43118,18458,22579,22416,47076,1
1226,1225000,3939,37406,24339,22616,28129,41195,1
1227,1226000,4160,30964,30696,22653,34570,34838,1
1228,1227000,4477,24503,36843,22686,41031,28691,1
1229,1228000,4938,18623,42203,22713,46911,23331,1
1230,1229000,5705,13807,46345,22732,51727,19189,1
1231,1230000,12075,10458,48919,22741,55076,16615,1
1232,1231000,64334,8946,49635,22739,56588,15899,1
1233,1232000,64925,9489,48371,22727,56046,17163,1
1234,1233000,65082,12039,45239,22707,53495,20295,1
1235,1234000,65065,16383,40467,22680,49151,25067,1
1236,1235000,64931,22127,34577,22650,43407,30958,1
1237,1236000,64698,28559,28247,22620,36975,37287,1
1238,1237000,64355,34976,22158,22594,30558,43376,1
1239,1238000,63834,40793,16875,22574,24741,48659,1
1240,1239000,62835,45532,12819,22562,20002,52715,1
1241,1240000,18011,48797,10334,22560,16737,55200,1
1242,1241000,4365,50238,9694,22569,15297,55840,1
1243,1242000,3963,49647,11011,22588,15888,54523,1
1244,1243000,3854,47071,14171,22615,18463,51363,1
1245,1244000,3888,42708,18938,22649,22826,46596,1
1246,1245000,4023,36983,24813,22685,28551,40721,1
1247,1246000,4249,30589,31109,22721,34946,34425,1
1248,1247000,4573,24216,37158,22754,41318,28376,1
1249,1248000,5046,18440,42408,22780,47094,23126,1
1250,1249000,5848,13743,46430,22798,51791,19104,1
1251,1250000,16086,10527,48877,22807,55007,16657,1
1252,1251000,64453,9141,49475,22804,56393,16059,1
1253,1252000,64995,9790,48115,22792,55744,17419,1
1254,1253000,65138,12424,44915,22771,53110,20619,1
1255,1254000,65112,16826,40103,22744,48709,25431,1
1256,1255000,64973,22579,34218,22714,42955,31316,1
1257,1256000,64734,28967,27944,22685,36567,37590,1
1258,1257000,64383,35304,21944,22659,30230,43590,1
1259,1258000,63848,41027,16760,22639,24507,48774,1
1260,1259000,62796,45659,12811,22628,19875,52723,1
1261,1260000,12632,48806,10440,22627,16728,55094,1
1262,1261000,4396,50135,9905,22636,15400,55629,1
1263,1262000,4016,49448,11307,22655,16086,54228,1
1264,1263000,3915,46798,14527,22683,18736,51007,1
1265,1264000,3954,42384,19331,22716,23150,46204,1
1266,1265000,4094,36651,25201,22752,28884,40333,1
1267,1266000,4324,30294,31448,22788,35240,34086,1
1268,1267000,4653,23989,37421,22820,41545,28113,1
1269,1268000,5136,18294,42585,22846,47240,22949,1
1270,1269000,5970,13690,46514,22864,51844,19020,1
1271,1270000,22311,10577,48860,22871,54957,16674,1
1272,1271000,64548,9291,49364,22868,56243,16170,1
1273,1272000,65054,10026,47929,22855,55508,17605,1
1274,1273000,65185,12727,44672,22834,52807,20862,1
1275,1274000,65153,17175,39827,22807,48359,25707,1
1276,1275000,65009,22936,33946,22778,42598,31588,1
1277,1276000,64766,29292,27714,22749,36242,37820,1
1278,1277000,64410,35573,21778,22723,29962,43757,1
1279,1278000,63864,41228,16665,22704,24307,48869,1
1280,1279000,62763,45781,12796,22693,19753,52738,1
1281,1280000,8698,48839,10512,22692,16695,55023,1
1282,1281000,4425,50081,10057,22702,15453,55477,1
1283,1282000,4061,49321,11525,22721,16213,54009,1
1284,1283000,3967,46612,14794,22748,18922,50740,1
1285,1284000,4010,42155,19626,22782,23379,45908,1
1286,1285000,4152,36413,25495,22818,29121,40039,1
1287,1286000,4386,30080,31711,22853,35454,33823,1
1288,1287000,4719,23820,37633,22885,41714,27901,1
1289,1288000,5211,18178,42739,22911,47356,22795,1
1290,1289000,6071,13638,46603,22928,51896,18932,1
1291,1290000,29333,10599,48876,22935,54935,16658,1
1292,1291000,64626,9384,49312,22932,56150,16222,1
1293,1292000,65106,10180,47822,22918,55354,17712,1
1294,1293000,65229,12934,44520,22897,52600,21014,1
1295,1294000,65192,17418,39646,22870,48116,25888,1
1296,1295000,65044,23192,33761,22840,42343,31773,1
1297,1296000,64798,29531,27552,22811,36003,37982,1
1298,1297000,64438,35780,21653,22786,29754,43881,1
1299,1298000,63884,41395,16584,22767,24139,48950,1
1300,1299000,62750,45898,12767,22756,19636,52767,1
1301,1300000,8051,48898,10540,22755,16636,54994,1
1302,1301000,4451,50084,10141,22765,15450,55393,1
1303,1302000,4097,49273,11654,22785,16261,53880,1
1304,1303000,4008,46519,14963,22812,19016,50571,1
1305,1304000,4053,42028,19826,22846,23506,45708,1
1306,1305000,4198,36270,25704,22882,29264,39830,1
1307,1306000,4433,29944,31907,22917,35590,33627,1
1308,1307000,4770,23703,37806,22949,41831,27728,1
1309,1308000,5267,18087,42882,22974,47447,22652,1
1310,1309000,6147,13582,46708,22991,51952,18826,1
1311,1310000,32622,10586,48938,22998,54948,16596,1
1312,1311000,64690,9414,49332,22994,56120,16203,1
1313,1312000,65152,10249,47804,22981,55285,17730,1
1314,1313000,65268,13042,44465,22959,52492,21069,1
1315,1314000,65229,17561,39564,22932,47973,25971,1
1316,1315000,65079,23352,33665,22902,42182,31869,1
1317,1316000,64830,29695,27456,22873,35839,38078,1
1318,1317000,64468,35937,21568,22847,29597,43966,1
1319,1318000,63910,41541,16514,22828,23993,49020,1
1320,1319000,62758,46024,12719,22818,19510,52815,1
1321,1320000,7713,48998,10521,22817,16536,55013,1
1322,1321000,4474,50154,10152,22827,15380,55383,1
1323,1322000,4127,49314,11694,22847,16220,53840,1
1324,1323000,4040,46526,15033,22875,19008,50501,1
1325,1324000,4086,42007,19923,22908,23527,45611,1
1326,1325000,4232,36228,25820,22944,29306,39715,1
1327,1326000,4468,29889,32033,22980,35645,33502,1
1328,1327000,4806,23641,37934,23011,41893,27600,1
1329,1328000,5306,18022,43010,23036,47512,22524,1
1330,1329000,6198,13523,46828,23053,52011,18707,1
1331,1330000,35610,10538,49043,23060,54996,16491,1
1332,1331000,64735,9383,49418,23056,56151,16116,1
1333,1332000,65188,10241,47868,23042,55293,17666,1
1334,1333000,65302,13057,44505,23020,52477,21029,1
1335,1334000,65261,17601,39579,22993,47934,25955,1
1336,1335000,65110,23416,33658,22963,42118,31876,1
1337,1336000,64861,29782,27428,22934,35752,38106,1
1338,1337000,64498,36044,21522,22908,29490,44012,1
1339,1338000,63941,41670,16447,22889,23864,49087,1
1340,1339000,62780,46166,12646,22879,19368,52888,1
1341,1340000,7619,49138,10453,22878,16396,55081,1
1342,1341000,4495,50285,10094,22888,15249,55440,1
1343,1342000,4149,49433,11651,22908,16101,53883,1
1344,1343000,4063,46630,15007,22936,18904,50527,1
1345,1344000,4109,42090,19919,22969,23444,45615,1
1346,1345000,4254,36280,25847,23006,29254,39687,1
1347,1346000,4491,29909,32091,23041,35625,33443,1
1348,1347000,4829,23630,38022,23073,41904,27512,1
1349,1348000,5328,17973,43134,23098,47561,22400,1
1350,1349000,6222,13445,46976,23115,52089,18558,1
1351,1350000,36070,10451,49196,23121,55084,16338,1
1352,1351000,64769,9293,49570,23117,56241,15964,1
1353,1352000,65220,10153,48013,23104,55381,17521,1
1354,1353000,65333,12975,44641,23082,52559,20893,1
1355,1354000,65292,17534,39696,23054,48000,25839,1
1356,1355000,65142,23384,33737,23024,42150,31797,1
1357,1356000,64893,29794,27464,22994,35740,38070,1
1358,1357000,64533,36099,21513,22968,29435,44021,1
1359,1358000,63977,41781,16386,22949,23753,49148,1
1360,1359000,62828,46325,12543,22938,19209,52991,1
1361,1360000,7762,49317,10336,22938,16217,55198,1
1362,1361000,4515,50475,9971,22948,15059,55563,1
1363,1362000,4166,49627,11528,22967,15907,54006,1
1364,1363000,4078,46826,14888,22996,18708,50646,1
1365,1364000,4123,42274,19818,23029,23260,45716,1
1366,1365000,4267,36426,25789,23066,29108,39745,1
1367,1366000,4503,30001,32087,23102,35533,33448,1
1368,1367000,4839,23669,38071,23134,41865,27463,1
1369,1368000,5336,17942,43250,23159,47592,22284,1
1370,1369000,6224,13350,47150,23176,52184,18384,1
1371,1370000,34912,10323,49397,23183,55211,16138,1
1372,1371000,64794,9146,49784,23179,56388,15750,1
1373,1372000,65248,9992,48234,23165,55542,17301,1
1374,1373000,65363,12803,44864,23143,52731,20670,1
1375,1374000,65324,17365,39905,23115,48169,25629,1
1376,1375000,65175,23256,33900,23084,42278,31634,1
1377,1376000,64928,29728,27562,23054,35806,37972,1
1378,1377000,64572,36101,21539,23028,29433,43995,1
1379,1378000,64021,41866,16335,23008,23668,49199,1
1380,1379000,62899,46488,12420,22997,19046,53114,1
1381,1380000,8195,49534,10168,22996,16000,55366,1
1382,1381000,4533,50716,9785,23006,14818,55749,1
1383,1382000,4178,49887,11332,23026,15647,54202,1
1384,1383000,4086,47102,14685,23054,18432,50849,1
1385,1384000,4129,42545,19629,23088,22989,45905,1
1386,1385000,4271,36659,25645,23125,28875,39889,1
1387,1386000,4505,30162,32017,23161,35372,33517,1
1388,1387000,4837,23749,38086,23194,41785,27448,1
1389,1388000,5331,17931,43352,23219,47603,22182,1
1390,1389000,6205,13247,47338,23237,52287,18196,1
1391,1390000,31825,10149,49648,23244,55385,15886,1
1392,1391000,64809,8942,50055,23240,56592,15479,1
1393,1392000,65272,9762,48522,23226,55772,17012,1
1394,1393000,65391,12550,45167,23204,52984,20367,1
1395,1394000,65355,17111,40199,23175,48423,25335,1
1396,1395000,65208,23037,34151,23144,42497,31383,1
1397,1396000,64964,29589,27728,23114,35945,37806,1
1398,1397000,64613,36058,21604,23087,29476,43930,1
1399,1398000,64070,41923,16304,23067,23611,49230,1
1400,1399000,62984,46652,12289,23055,18882,53245,1
1401,1400000,8930,49791,9953,23054,15743,55581,1
1402,1401000,4554,51009,9545,23064,14525,55989,1
1403,1402000,4189,50207,11073,23084,15327,54461,1
1404,1403000,4092,47447,14415,23112,18087,51119,1
1405,1404000,4130,42897,19365,23146,22637,46169,1
1406,1405000,4269,36980,25420,23183,28554,40114,1
1407,1406000,4500,30399,31883,23220,35135,33651,1
1408,1407000,4829,23877,38064,23253,41657,27470,1
1409,1408000,5316,17953,43434,23279,47582,22100,1
1410,1409000,6173,13149,47531,23297,52385,18003,1
1411,1410000,27955,9944,49940,23304,55590,15594,1
1412,1411000,64812,8692,50383,23301,56842,15151,1
1413,1412000,65293,9478,48870,23287,56056,16664,1
1414,1413000,65417,12238,45531,23264,53296,20003,1
1415,1414000,65385,16786,40560,23236,48748,24974,1
1416,1415000,65242,22737,34475,23204,42797,31059,1
1417,1416000,65003,29375,27957,23173,36159,37577,1
1418,1417000,64656,35965,21710,23146,29569,43824,1
1419,1418000,64123,41951,16291,23125,23583,49243,1
1420,1419000,63080,46813,12152,23113,18721,53382,1
1421,1420000,12828,50071,9707,23111,15463,55827,1
1422,1421000,4574,51354,9245,23121,14180,56289,1
1423,1422000,4194,50581,10757,23140,14953,54777,1
1424,1423000,4090,47847,14088,23168,17687,51447,1
1425,1424000,4124,43312,19038,23203,22222,46496,1
1426,1425000,4260,37370,25130,23241,28164,40404,1
1427,1426000,4485,30709,31684,23278,34825,33850,1
1428,1427000,4811,24058,37996,23311,41476,27538,1
1429,1428000,5291,17997,43500,23339,47537,22035,1
1430,1429000,6124,13056,47727,23357,52479,17807,1
1431,1430000,21339,9723,50253,23364,55811,15281,1
1432,1431000,64804,8390,50768,23361,57144,14766,1
1433,1432000,65308,9145,49269,23348,56389,16265,1
1434,1433000,65439,11875,45945,23325,53659,19589,1
1435,1434000,65413,16408,40974,23296,49126,24560,1
1436,1435000,65274,22382,34855,23264,43153,30679,1
1437,1436000,65041,29096,28246,23232,36439,37288,1
1438,1437000,64698,35823,21862,23204,29712,43672,1
1439,1438000,64177,41959,16293,23182,23576,49241,1
1440,1439000,63183,46967,12016,23170,18567,53518,1
1441,1440000,17712,50364,9443,23168,15170,56091,1
1442,1441000,4594,51748,8894,23176,13786,56640,1
1443,1442000,4195,51005,10391,23196,14529,55143,1
1444,1443000,4084,48298,13711,23224,17236,51823,1
1445,1444000,4112,43777,18665,23259,21757,46869,1
1446,1445000,4245,37815,24790,23297,27719,40744,1
1447,1446000,4464,31083,31430,23335,34451,34104,1
1448,1447000,4786,24292,37883,23369,41242,27651,1
1449,1448000,5257,18070,43546,23397,47464,21988,1
1450,1449000,6064,12978,47916,23416,52556,17618,1
1451,1450000,16532,9499,50577,23424,56035,14957,1
1452,1451000,64791,8055,51190,23421,57480,14345,1
1453,1452000,65317,8771,49718,23408,56763,15816,1
1454,1453000,65459,11473,46401,23385,54061,19133,1
1455,1454000,65438,15992,41423,23356,49542,24112,1
1456,1455000,65303,21982,35272,23324,43552,30262,1
1457,1456000,65078,28763,28579,23291,36772,36956,1
1458,1457000,64739,35632,22053,23262,29902,43482,1
1459,1458000,64230,41940,16313,23239,23595,49221,1
1460,1459000,63288,47108,11880,23226,18426,53654,1
1461,1460000,23654,50659,9168,23223,14875,56366,1
1462,1461000,4615,52161,8515,23232,13373,57019,1
1463,1462000,4195,51478,9968,23251,14056,55567,1
1464,1463000,4074,48787,13291,23279,16747,52243,1
1465,1464000,4097,44273,18258,23314,21261,47276,1
1466,1465000,4225,38296,24415,23353,27238,41119,1
1467,1466000,4439,31498,31136,23391,34036,34398,1
1468,1467000,4755,24572,37728,23427,40962,27806,1
1469,1468000,5219,18171,43567,23455,47363,21967,1
1470,1469000,5997,12910,48103,23475,52624,17431,1
1471,1470000,13281,9278,50903,23484,56256,14631,1
1472,1471000,64771,7707,51626,23481,57827,13908,1
1473,1472000,65322,8349,50215,23468,57185,15320,1
1474,1473000,65476,11037,46891,23445,54497,18643,1
1475,1474000,65461,15549,41902,23416,49985,23633,1
1476,1475000,65333,21552,35716,23383,43982,29818,1
1477,1476000,65112,28397,28947,23349,37137,36587,1
1478,1477000,64779,35398,22284,23319,30136,43250,1
1479,1478000,64281,41892,16362,23296,23642,49172,1
1480,1479000,63387,47240,11752,23282,18295,53782,1
1481,1480000,31522,50945,8896,23278,14589,56638,1
1482,1481000,4639,52575,8131,23286,12959,57403,1
1483,1482000,4192,51976,9519,23305,13558,56015,1
1484,1483000,4062,49302,12842,23333,16232,52692,1
1485,1484000,4079,44786,17827,23369,20749,47707,1
1486,1485000,4200,38793,24020,23408,26741,41514,1
1487,1486000,4411,31933,30813,23447,33601,34721,1
1488,1487000,4722,24878,37541,23483,40656,27993,1
1489,1488000,5177,18295,43561,23512,47239,21973,1
1490,1489000,5931,12845,48280,23533,52690,17254,1
1491,1490000,11301,9055,51229,23542,56479,14305,1
1492,1491000,64739,7360,52062,23540,58174,13472,1
1493,1492000,65327,7914,50718,23527,57620,14816,1
1494,1493000,65487,10574,47411,23504,54961,18123,1
1495,1494000,65480,15087,42397,23475,50447,23137,1
1496,1495000,65360,21099,36177,23441,44435,29357,1
1497,1496000,65142,28008,29335,23407,37526,36199,1
1498,1497000,64816,35137,22537,23376,30397,42998,1
1499,1498000,64329,41812,16434,23352,23722,49100,1
1500,1499000,63472,47358,11633,23337,18176,53901,1
1501,1500000,41743,51226,8622,23333,14308,56912,1
1502,1501000,4662,52983,7747,23340,12552,57787,1
1503,1502000,4184,52479,9062,23359,13055,56473,1
1504,1503000,4047,49852,12355,23387,15682,53179,1
1505,1504000,4058,45336,17358,23423,20198,48176,1
1506,1505000,4174,39316,23599,23462,26218,41935,1
1507,1506000,4380,32374,30486,23502,33160,35048,1
1508,1507000,4685,25190,37352,23539,40344,28183,1
1509,1508000,5131,18438,43541,23569,47096,21993,1
1510,1509000,5861,12800,48440,23590,52734,17095,1
1511,1510000,10102,8842,51546,23600,56692,13988,1
1512,1511000,64700,7011,52499,23599,58523,13035,1
1513,1512000,65328,7467,51233,23586,58067,14301,1
1514,1513000,65498,10075,47957,23564,55459,17577,1
1515,1514000,65497,14578,42935,23534,50957,22599,1
1516,1515000,65382,20625,36662,23499,44909,28872,1
1517,1516000,65169,27621,29721,23465,37913,35814,1
1518,1517000,64850,34879,22785,23433,30655,42749,1
1519,1518000,64374,41717,16518,23408,23817,49016,1
1520,1519000,63554,47444,11542,23392,18090,53992,1
1521,1520000,51653,51483,8371,23387,14051,57163,1
1522,1521000,4685,53381,7370,23394,12153,58164,1
1523,1522000,4176,52975,8607,23412,12560,56927,1
1524,1523000,4028,50400,11868,23440,15134,53666,1
1525,1524000,4034,45904,16875,23476,19630,48659,1
1526,1525000,4145,39848,23169,23516,25687,42365,1
1527,1526000,4347,32823,30152,23557,32711,35382,1
1528,1527000,4646,25513,37151,23594,40021,28383,1
1529,1528000,5083,18603,43500,23625,46931,22034,1
1530,1529000,5790,12790,48568,23647,52744,16966,1
1531,1530000,8901,8662,51833,23658,56872,13701,1
1532,1531000,64655,6689,52914,23657,58845,12620,1
1533,1532000,65324,7045,51729,23645,58489,13806,1
1534,1533000,65505,9596,48491,23622,55938,17044,1
1535,1534000,65510,14079,43469,23592,51455,22066,1
1536,1535000,65400,20159,37145,23557,45375,28389,1
1537,1536000,65192,27232,30113,23522,38302,35421,1
1538,1537000,64879,34611,23048,23489,30924,42486,1
1539,1538000,64414,41604,16624,23463,23930,48910,1
1540,1539000,63627,47502,11482,23446,18032,54052,1
1541,1540000,55876,51710,8153,23441,13825,57381,1
1542,1541000,4712,53749,7024,23447,11785,58510,1
1543,1542000,4169,53442,8180,23465,12092,57354,1
1544,1543000,4010,50927,11402,23493,14607,54132,1
1545,1544000,4010,46448,16409,23529,19086,49125,1
1546,1545000,4117,40364,22749,23570,25170,42785,1
1547,1546000,4314,33267,29818,23611,32267,35716,1
1548,1547000,4608,25842,36940,23649,39692,28594,1
1549,1548000,5037,18784,43440,23681,46750,22094,1
1550,1549000,5723,12805,48670,23704,52729,16864,1
1551,1550000,8180,8514,52088,23715,57020,13446,1
1552,1551000,64601,6402,53294,23715,59132,12240,1
1553,1552000,65317,6657,52192,23703,58877,13342,1
1554,1553000,65510,9147,48996,23680,56387,16538,1
1555,1554000,65521,13604,43982,23650,51930,21552,1
1556,1555000,65415,19706,37620,23615,45828,27915,1
1557,1556000,65212,26845,30507,23579,38689,35027,1
1558,1557000,64905,34331,23326,23545,31203,42208,1
1559,1558000,64450,41467,16757,23518,24067,48777,1
1560,1559000,63692,47528,11455,23501,18006,54080,1
1561,1560000,58106,51895,7975,23494,13639,57559,1
1562,1561000,4741,54070,6724,23500,11464,58810,1
1563,1562000,4163,53861,7800,23518,11673,57735,1
1564,1563000,3994,51406,10978,23546,14128,54556,1
1565,1564000,3988,46961,15970,23582,18574,49564,1
1566,1565000,4090,40858,22344,23623,24676,43190,1
1567,1566000,4283,33702,29486,23664,31832,36048,1
1568,1567000,4572,26178,36717,23704,39356,28817,1
1569,1568000,4994,18985,43354,23736,46550,22180,1
1570,1569000,5661,12849,48738,23760,52685,16796,1
1571,1570000,7740,8404,52302,23772,57130,13232,1
1572,1571000,64542,6161,53627,23772,59373,11907,1
1573,1572000,65307,6322,52603,23760,59212,12931,1
1574,1573000,65511,8751,49452,23737,56784,16082,1
1575,1574000,65528,13176,44454,23707,52358,21080,1
1576,1575000,65427,19289,38062,23671,46245,27472,1
1577,1576000,65228,26480,30885,23635,39054,34649,1
1578,1577000,64928,34057,23603,23601,31477,41931,1
1579,1578000,64481,41321,16903,23573,24213,48631,1
1580,1579000,63748,47534,11451,23555,18000,54083,1
1581,1580000,59275,52050,7830,23548,13484,57704,1
1582,1581000,4773,54349,6465,23553,11185,59069,1
1583,1582000,4159,54231,7465,23570,11303,58069,1
1584,1583000,3979,51836,10599,23598,13698,54935,1
1585,1584000,3968,47421,15576,23634,18113,49958,1
1586,1585000,4066,41311,21975,23675,24223,43559,1
1587,1586000,4255,34109,29175,23718,31425,36359,1
1588,1587000,4539,26503,36497,23757,39031,29037,1
1589,1588000,4954,19191,43256,23791,46343,22278,1
1590,1589000,5605,12910,48783,23815,52624,16751,1
1591,1590000,7447,8323,52483,23828,57211,13051,1
1592,1591000,64477,5963,53916,23828,59571,11618,1
1593,1592000,65295,6037,52965,23817,59497,12569,1
1594,1593000,65510,8406,49858,23794,57128,15676,1
1595,1594000,65533,12796,44882,23764,52738,20652,1
1596,1595000,65437,18910,38472,23728,46624,27062,1
1597,1596000,65242,26140,31244,23691,39394,34291,1
1598,1597000,64946,33790,23880,23656,31744,41654,1
1599,1598000,64508,41163,17066,23628,24371,48468,1
1600,1599000,63796,47514,11476,23609,18021,54058,1
1601,1600000,60353,52165,7727,23601,13370,57807,1
1602,1601000,4807,54574,6261,23606,10960,59273,1
1603,1602000,4155,54538,7191,23623,10996,58344,1
1604,1603000,3966,52200,10282,23651,13334,55252,1
1605,1604000,3951,47826,15234,23687,17708,50301,1
1606,1605000,4044,41718,21645,23728,23816,43889,1
1607,1606000,4230,34484,28890,23771,31050,36644,1
1608,1607000,4510,26814,36284,23811,38720,29250,1
1609,1608000,4919,19402,43147,23845,46132,22387,1
1610,1609000,5557,12993,48801,23869,52541,16733,1
1611,1610000,7255,8281,52621,23883,57253,12913,1
1612,1611000,64421,5811,54154,23883,59723,11380,1
1613,1612000,65284,5799,53277,23872,59735,12257,1
1614,1613000,65509,8109,50217,23850,57425,15317,1
1615,1614000,65535,12472,45261,23819,53062,20273,1
1616,1615000,65442,18587,38836,23783,46947,26698,1
1617,1616000,65251,25846,31567,23746,39689,33967,1
1618,1617000,64960,33552,24139,23711,31982,41395,1
1619,1618000,64530,41014,17230,23682,24520,48304,1
1620,1619000,63837,47479,11526,23662,18055,54008,1
1621,1620000,61125,52245,7667,23654,13289,57867,1
1622,1621000,4839,54758,6107,23658,10776,59427,1
1623,1622000,4151,54806,6963,23675,10728,58571,1
1624,1623000,3953,52525,10009,23702,13009,55525,1
1625,1624000,3932,48182,14940,23738,17352,50594,1
1626,1625000,4022,42074,21364,23780,23460,44170,1
1627,1626000,4205,34816,28643,23823,30719,36891,1
1628,1627000,4481,27097,36094,23863,38437,29440,1
1629,1628000,4885,19606,43040,23898,45928,22495,1
1630,1629000,5511,13096,48797,23923,52438,16738,1
1631,1630000,7080,8281,52718,23937,57254,12816,1
1632,1631000,64340,5727,54330,23938,59807,11204,1
1633,1632000,65264,5649,53511,23927,59885,12023,1
1634,1633000,65499,7909,50490,23905,57625,15044,1
1635,1634000,65532,12226,45564,23874,53308,19970,1
1636,1635000,65443,18322,39145,23838,47212,26390,1
1637,1636000,65255,25593,31853,23801,39941,33681,1
1638,1637000,64967,33339,24378,23765,32195,41156,1
1639,1638000,64543,40872,17394,23736,24663,48140,1
1640,1639000,63864,47432,11593,23716,18102,53941,1
1641,1640000,61511,52294,7640,23707,13240,57895,1
1642,1641000,4874,54882,6007,23711,10652,59527,1
1643,1642000,4150,54987,6815,23727,10547,58719,1
1644,1643000,3944,52752,9824,23754,12782,55710,1
1645,1644000,3918,48456,14718,23790,17079,50816,1
1646,1645000,4006,42369,21131,23832,23165,44403,1
1647,1646000,4186,35104,28426,23875,30430,37108,1
1648,1647000,4459,27353,35918,23916,38181,29617,1
1649,1648000,4859,19801,42928,23951,45733,22606,1
1650,1649000,5475,13207,48770,23976,52327,16764,1
1651,1650000,6963,8306,52776,23990,57228,12758,1
1652,1651000,64274,5680,54457,23992,59854,11077,1
1653,1652000,65249,5548,53685,23981,59986,11849,1
1654,1653000,65493,7764,50700,23960,57770,14834,1
1655,1654000,65529,12042,45808,23929,53492,19726,1
1656,1655000,65444,18114,39400,23893,47421,26134,1
1657,1656000,65258,25389,32096,23855,40146,33438,1
1658,1657000,64973,33161,24588,23819,32373,40946,1
1659,1658000,64554,40743,17550,23790,24791,47984,1
1660,1659000,63886,47373,11677,23769,18161,53857,1
1661,1660000,61752,52311,7650,23760,13223,57885,1
1662,1661000,4903,54964,5955,23764,10570,59579,1
1663,1662000,4149,55118,6718,23780,10416,58816,1
1664,1663000,3936,52924,9693,23807,12610,55841,1
1665,1664000,3908,48658,14560,23843,16876,50974,1
1666,1665000,3993,42597,20957,23884,22937,44577,1
1667,1666000,4171,35335,28257,23927,30199,37277,1
1668,1667000,4441,27564,35774,23968,37970,29760,1
1669,1668000,4838,19972,42828,24003,45562,22706,1
1670,1669000,5448,13320,48730,24029,52214,16804,1
1671,1670000,6890,8355,52800,24043,57180,12734,1
1672,1671000,64226,5664,54540,24045,59870,10994,1
1673,1672000,65236,5475,53821,24035,60060,11713,1
1674,1673000,65485,7648,50873,24013,57886,14661,1
1675,1674000,65522,11904,46003,23983,53630,19531,1
1676,1675000,65440,17959,39601,23947,47575,25933,1
1677,1676000,65256,25233,32292,23909,40301,33242,1
1678,1677000,64974,33020,24763,23873,32514,40771,1
1679,1678000,64558,40633,17691,23843,24901,47843,1
1680,1679000,63899,47307,11771,23822,18227,53763,1
1681,1680000,61891,52297,7694,23813,13237,57840,1
1682,1681000,4917,55014,5943,23816,10521,59591,1
1683,1682000,4144,55230,6647,23832,10304,58888,1
1684,1683000,3927,53082,9580,23859,12452,55954,1
1685,1684000,3895,48845,14428,23894,16689,51106,1
1686,1685000,3978,42786,20829,23936,22748,44705,1
1687,1686000,4154,35518,28140,23979,30016,37394,1
1688,1687000,4423,27736,35673,24020,37798,29861,1
1689,1688000,4817,20123,42753,24056,45411,22781,1
1690,1689000,5418,13440,48688,24082,52095,16846,1
1691,1690000,6796,8437,52797,24097,57097,12737,1
1692,1691000,64141,5714,54572,24099,59820,10962,1
1693,1692000,65216,5492,53885,24089,60042,11650,1
1694,1693000,65474,7632,50967,24067,57902,14568,1
1695,1694000,65518,11847,46131,24037,53687,19403,1
1696,1695000,65437,17873,39756,24001,47661,25779,1
1697,1696000,65255,25132,32457,23963,40402,33077,1
1698,1697000,64974,32920,24924,23927,32615,40610,1
1699,1698000,64560,40549,17830,23897,24985,47704,1
1700,1699000,63905,47254,11878,23877,18281,53656,1
1701,1700000,61967,52275,7766,23867,13259,57769,1
1702,1701000,4940,55011,5990,23870,10523,59544,1
1703,1702000,4147,55247,6678,23886,10288,58856,1
1704,1703000,3925,53125,9588,23912,12410,55946,1
1705,1704000,3892,48930,14396,23948,16604,51138,1
1706,1705000,3973,42912,20760,23990,22622,44774,1
1707,1706000,4148,35667,28053,24033,29867,37481,1
1708,1707000,4416,27890,35586,24074,37645,29948,1
1709,1708000,4807,20265,42681,24110,45269,22854,1
1710,1709000,5404,13558,48642,24136,51976,16892,1
1711,1710000,6751,8530,52778,24151,57004,12756,1
1712,1711000,64114,5780,54580,24153,59754,10954,1
1713,1712000,65205,5534,53916,24143,60000,11618,1
1714,1713000,65469,7648,51022,24122,57886,14512,1
1715,1714000,65514,11833,46215,24092,53701,19319,1
1716,1715000,65434,17827,39864,24056,47707,25670,1
1717,1716000,65254,25069,32578,24018,40465,32956,1
1718,1717000,64974,32851,25047,23982,32683,40488,1
1719,1718000,64562,40484,17947,23952,25050,47587,1
1720,1719000,63910,47198,11984,23931,18336,53550,1
1721,1720000,62021,52235,7853,23922,13299,57681,1
1722,1721000,4957,54990,6057,23925,10544,59477,1
1723,1722000,4150,55244,6725,23940,10290,58809,1
1724,1723000,3925,53144,9614,23967,12390,55920,1
1725,1724000,3890,48977,14396,24002,16557,51138,1
1726,1725000,3971,42989,20733,24044,22545,44801,1
1727,1726000,4145,35766,28007,24087,29768,37527,1
1728,1727000,4411,27999,35532,24128,37535,30002,1
1729,1728000,4801,20377,42627,24164,45157,22907,1
1730,1729000,5396,13668,48593,24190,51866,16941,1
1731,1730000,6726,8631,52740,24205,56903,12794,1
1732,1731000,64108,5867,54559,24208,59667,10975,1
1733,1732000,65197,5602,53914,24198,59932,11620,1
1734,1733000,65463,7695,51041,24177,57839,14493,1
1735,1734000,65510,11855,46258,24147,53679,19276,1
1736,1735000,65431,17823,39931,24111,47712,25603,1
1737,1736000,65251,25045,32663,24073,40489,32871,1
1738,1737000,64973,32814,25142,24037,32720,40392,1
1739,1738000,64561,40440,18048,24007,25094,47486,1
1740,1739000,63912,47148,12086,23986,18386,53448,1
1741,1740000,62054,52186,7953,23977,13349,57581,1
1742,1741000,4970,54949,6146,23979,10585,59388,1
1743,1742000,4153,55217,6798,23995,10317,58736,1
1744,1743000,3926,53136,9668,24021,12398,55866,1
1745,1744000,3893,48978,14434,24057,16556,51100,1
1746,1745000,3972,43020,20743,24098,22514,44791,1
1747,1746000,4146,35823,27992,24141,29711,37542,1
1748,1747000,4412,28073,35502,24182,37461,30032,1
1749,1748000,4802,20464,42586,24217,45070,22949,1
1750,1749000,5397,13765,48544,24243,51769,16990,1
1751,1750000,6742,8731,52688,24258,56803,12846,1
1752,1751000,64106,5947,54523,24261,59587,11011,1
1753,1752000,65197,5650,53911,24251,59884,11623,1
1754,1753000,65460,7718,51064,24230,57816,14470,1
1755,1754000,65505,11871,46293,24200,53663,19241,1
1756,1755000,65426,17836,39968,24164,47699,25566,1
1757,1756000,65247,25048,32708,24126,40486,32826,1
1758,1757000,64969,32803,25199,24090,32731,40336,1
1759,1758000,64559,40411,18121,24060,25123,47413,1
1760,1759000,63914,47099,12178,24039,18435,53356,1
1761,1760000,62098,52123,8057,24029,13411,57477,1
1762,1761000,4976,54899,6240,24032,10635,59294,1
1763,1762000,4151,55198,6860,24047,10336,58674,1
1764,1763000,3922,53143,9701,24073,12391,55833,1
1765,1764000,3886,49010,14451,24109,16524,51083,1
1766,1765000,3965,43049,20765,24150,22486,44769,1
1767,1766000,4139,35854,28011,24193,29680,37523,1
1768,1767000,4405,28119,35508,24234,37415,30026,1
1769,1768000,4794,20531,42573,24269,45003,22961,1
1770,1769000,5388,13857,48508,24295,51677,17026,1
1771,1770000,6713,8846,52635,24310,56688,12899,1
1772,1771000,64079,6085,54456,24313,59449,11079,1
1773,1772000,65180,5799,53835,24303,59735,11699,1
1774,1773000,65447,7859,50999,24282,57675,14535,1
1775,1774000,65495,11985,46251,24252,53549,19283,1
1776,1775000,65417,17912,39965,24217,47622,25569,1
1777,1776000,65238,25091,32739,24179,40443,32795,1
1778,1777000,64959,32821,25255,24143,32713,40279,1
1779,1778000,64548,40409,18195,24113,25125,47339,1
1780,1779000,63901,47080,12267,24092,18454,53267,1
1781,1780000,62068,52085,8160,24083,13449,57374,1
1782,1781000,4976,54838,6359,24085,10696,59175,1
1783,1782000,4150,55121,6992,24100,10413,58542,1
1784,1783000,3922,53068,9830,24127,12466,55704,1
1785,1784000,3885,48956,14554,24162,16578,50980,1
1786,1785000,3965,43031,20828,24203,22503,44706,1
1787,1786000,4138,35868,28042,24246,29666,37492,1
1788,1787000,4404,28157,35516,24287,37377,30019,1
1789,1788000,4794,20589,42562,24322,44945,22972,1
1790,1789000,5387,13936,48479,24348,51598,17055,1
1791,1790000,6713,8945,52588,24363,56589,12946,1
1792,1791000,64067,6196,54400,24366,59338,11134,1
1793,1792000,65173,5916,53777,24356,59618,11757,1
1794,1793000,65442,7972,50947,24335,57562,14587,1
1795,1794000,65489,12083,46216,24305,53451,19318,1
1796,1795000,65411,17989,39954,24270,47546,25580,1
1797,1796000,65232,25147,32750,24232,40387,32784,1
1798,1797000,64953,32856,25287,24197,32678,40247,1
1799,1798000,64541,40419,18251,24167,25115,47283,1
1800,1799000,63892,47060,12351,24146,18474,53183,1
1801,1800000,62037,52039,8266,24137,13495,57268,1
1802,1801000,4974,54777,6476,24139,10757,59058,1
1803,1802000,4151,55051,7114,24154,10483,58420,1
1804,1803000,3924,52999,9948,24181,12535,55586,1
1805,1804000,3887,48898,14659,24216,16636,50875,1
1806,1805000,3967,42996,20908,24257,22538,44626,1
1807,1806000,4141,35858,28096,24299,29676,37438,1
1808,1807000,4407,28170,35546,24340,37364,29988,1
1809,1808000,4797,20629,42567,24375,44905,22967,1
1810,1809000,5392,14007,48455,24401,51527,17079,1
1811,1810000,6725,9043,52540,24416,56492,12994,1
1812,1811000,64072,6309,54339,24419,59225,11196,1
1813,1812000,65170,6036,53713,24409,59498,11822,1
1814,1813000,65437,8090,50887,24388,57444,14647,1
1815,1814000,65485,12193,46167,24359,53341,19367,1
1816,1815000,65406,18082,39924,24323,47453,25610,1
1817,1816000,65226,25219,32743,24286,40315,32792,1
1818,1817000,64947,32906,25302,24250,32628,40232,1
1819,1818000,64534,40442,18293,24221,25092,47242,1
1820,1819000,63883,47050,12424,24200,18484,53110,1
1821,1820000,62005,51999,8367,24190,13535,57168,1
1822,1821000,4969,54717,6592,24193,10817,58942,1
1823,1822000,4152,54983,7236,24208,10551,58299,1
1824,1823000,3925,52930,10067,24235,12604,55468,1
1825,1824000,3889,48838,14768,24270,16697,50766,1
1826,1825000,3970,42954,20999,24310,22580,44535,1
1827,1826000,4144,35836,28165,24353,29698,37369,1
1828,1827000,4411,28171,35592,24393,37364,29942,1
1829,1828000,4802,20656,42586,24428,44878,22948,1
1830,1829000,5398,14068,48442,24454,51466,17092,1
1831,1830000,6744,9135,52498,24469,56399,13036,1
1832,1831000,64078,6423,54279,24472,59112,11255,1
1833,1832000,65167,6159,53646,24462,59375,11888,1
1834,1833000,65433,8215,50822,24441,57319,14712,1
1835,1834000,65480,12314,46110,24411,53221,19424,1
1836,1835000,65401,18190,39882,24376,47344,25652,1
1837,1836000,65220,25309,32720,24339,40225,32814,1
1838,1837000,64940,32974,25302,24304,32560,40232,1
1839,1838000,64526,40483,18321,24274,25051,47213,1
1840,1839000,63873,47057,12485,24253,18478,53049,1
1841,1840000,61963,51972,8458,24244,13562,57076,1
1842,1841000,36524,54843,6879,25120,10691,58656,1
1843,1842000,35361,57191,9567,30087,8343,55967,1
1844,1843000,33473,58899,16079,38174,6635,49455,1
1845,1844000,31465,58846,24782,46702,6688,40752,1
1846,1845000,29898,56317,34077,53421,9217,31457,1
1847,1846000,29085,51120,42818,56862,14414,22716,1
1848,1847000,29049,43576,50474,57016,21958,15060,1
1849,1848000,29823,34351,56329,53698,31183,9205,1
1850,1849000,31251,24535,59958,47578,40999,5576,1
1851,1850000,32921,15903,61362,40420,49631,4172,1
1852,1851000,34831,9189,59850,32233,56345,5684,1
1853,1852000,36959,4588,55352,23113,60946,10182,1
1854,1853000,39088,2478,48328,14007,63056,17207,1
1855,1854000,40930,3180,39696,6379,62354,25838,1
1856,1855000,42236,6773,30445,1910,58761,35089,1
1857,1856000,42898,13014,21317,292,52520,44217,1
1858,1857000,42882,21265,13184,464,44269,52350,1
1859,1858000,42193,30644,6891,2346,34891,58643,1
1860,1859000,40917,40224,2947,6640,25310,62587,1
1861,1860000,39200,48929,1800,13603,16605,63734,1
1862,1861000,37172,55881,3677,22222,9653,61857,1
1863,1862000,34971,60533,8431,31654,5001,57103,1
1864,1863000,32834,62509,15620,40810,3025,49914,1
1865,1864000,31005,61601,24396,48648,3933,41138,1
1866,1865000,29695,57800,33867,54263,7734,31667,1
1867,1866000,29026,51359,43206,57131,14175,22328,1
1868,1867000,29029,42973,51526,57116,22561,14008,1
1869,1868000,29713,33519,57966,54177,32015,7568,1
1870,1869000,31040,23856,61871,48491,41678,3664,1
1871,1870000,32870,14934,62876,40650,50600,2658,1
1872,1871000,35010,7682,60918,31476,57852,4616,1
1873,1872000,37251,2859,56160,21873,62675,9374,1
1874,1873000,39402,879,48911,12694,64655,16623,1
1875,1874000,41247,1877,39970,5294,63657,25564,1
1876,1875000,42580,5779,30288,1306,59755,35246,1
1877,1876000,43242,12348,20808,0,53187,44726,1
1878,1877000,43184,21013,12450,264,44521,53084,1
1879,1878000,42491,30685,5898,1910,34849,59636,1
1880,1879000,41216,40390,1831,5733,25144,63703,1
1881,1880000,39425,49311,760,12675,16224,64774,1
1882,1881000,37263,56622,2748,21826,8912,62786,1
1883,1882000,34973,61595,7564,31637,3939,57970,1
1884,1883000,32792,63688,14823,40984,1846,50711,1
1885,1884000,30917,62742,23837,49020,2793,41697,1
1886,1885000,29532,58897,33672,54955,6637,31862,1
1887,1886000,28816,52381,43293,58024,13153,22242,1
1888,1887000,28819,43766,51842,58012,21768,13692,1
1889,1888000,29504,34013,58551,55076,31521,6983,1
1890,1889000,30822,24108,62711,49421,41426,2823,1
1891,1890000,32659,15001,63868,41545,50533,1666,1
1892,1891000,34847,7524,61931,32171,58010,3603,1
1893,1892000,37160,2418,57144,22257,63116,8390,1
1894,1893000,39366,225,49876,12849,65309,15658,1
1895,1894000,41259,1135,40821,5390,64399,24713,1
1896,1895000,42650,4991,30930,1507,60543,34604,1
1897,1896000,43367,11532,21222,236,54002,44312,1
1898,1897000,43338,20271,12656,444,45263,52878,1
1899,1898000,42659,30122,5882,1911,35413,59652,1
1900,1899000,41400,40035,1538,5328,25499,63996,1
1901,1900000,39613,49152,216,11896,16382,65319,1
1902,1901000,37435,56693,2047,21073,8841,63487,1
1903,1902000,35102,61951,6767,31068,3583,58767,1
1904,1903000,32869,64308,13978,40634,1226,51556,1
1905,1904000,30936,63566,23035,48919,1968,42499,1
1906,1905000,29484,59872,33010,55145,5662,32524,1
1907,1906000,28701,53452,42825,58498,12082,22709,1
1908,1907000,28654,44839,51588,58699,20695,13946,1
1909,1908000,29301,34987,58562,55927,30547,6972,1
1910,1909000,30577,24920,63026,50453,40614,2508,1
1911,1910000,32395,15620,64460,42664,49914,1074,1
1912,1911000,34588,7901,62735,33265,57633,2799,1
1913,1912000,36933,2497,58107,23216,63037,7427,1
1914,1913000,39184,0,50961,13618,65535,14573,1
1915,1914000,41129,654,41934,5977,64880,23600,1
1916,1915000,42588,4302,31967,2019,61232,33567,1
1917,1916000,43379,10676,22098,683,54858,43436,1
1918,1917000,43413,19340,13328,791,46194,52206,1
1919,1918000,42780,29239,6306,2066,36295,59228,1
1920,1919000,41565,39281,1648,5070,26253,63886,1
1921,1920000,39809,48580,0,11139,16954,65535,1
1922,1921000,37642,56353,1557,20168,9181,63977,1
1923,1922000,35291,61911,6057,30233,3623,59477,1
1924,1923000,33020,64595,13101,39966,939,52434,1
1925,1924000,31035,64152,22078,48472,1382,43456,1
1926,1925000,29514,60717,32086,54990,4817,33448,1
1927,1926000,28653,54511,42031,58679,11023,23503,1
1928,1927000,28534,46018,50986,59188,19516,14548,1
1929,1928000,29119,36179,58219,56683,29355,7315,1
1930,1929000,30337,26024,63000,51463,39511,2534,1
1931,1930000,32115,16558,64767,43843,48976,767,1
1932,1931000,34290,8607,63347,34523,56927,2187,1
1933,1932000,36644,2901,58975,24435,62633,6559,1
1934,1933000,38926,67,52038,14695,65467,13496,1
1935,1934000,40921,398,43127,6828,65136,22407,1
1936,1935000,42445,3759,33168,2692,61775,32367,1
1937,1936000,43319,9871,23197,1242,55663,42338,1
1938,1937000,43433,18368,14241,1232,47166,51293,1
1939,1938000,42863,28225,6981,2327,37310,58553,1
1940,1939000,41703,38333,2019,4965,27201,63515,1
1941,1940000,39992,47781,29,10492,17753,65505,1
1942,1941000,37851,55769,1265,19257,9765,64269,1
1943,1942000,35500,61615,5483,29313,3919,60051,1
1944,1943000,33203,64634,12292,39154,900,53242,1
1945,1944000,31178,64516,21121,47836,1018,44413,1
1946,1945000,29595,61379,31090,54618,4155,34444,1
1947,1946000,28656,55445,41110,58643,10089,24424,1
1948,1947000,28459,47140,50217,59489,18394,15317,1
1949,1948000,28973,37386,57673,57284,28148,7861,1
1950,1949000,30129,27200,62750,52332,38334,2784,1
1951,1950000,31853,17616,64852,44948,47918,682,1
1952,1951000,33996,9469,63757,35764,56065,1777,1
1953,1952000,36344,3491,59675,25700,62043,5859,1
1954,1953000,38646,332,52988,15874,65202,12546,1
1955,1954000,40678,333,44247,7795,65201,21287,1
1956,1955000,42259,3390,34352,3445,62144,31182,1
1957,1956000,43211,9220,24331,1864,56314,41203,1
1958,1957000,43407,17497,15229,1736,48037,50305,1
1959,1958000,42905,27252,7769,2677,38282,57765,1
1960,1959000,41801,37376,2546,5017,28158,62988,1
1961,1960000,40139,46930,243,10038,18604,65291,1
1962,1961000,38033,55093,1163,18474,10441,64371,1
1963,1962000,35694,61183,5091,28462,4351,60443,1
1964,1963000,33385,64501,11648,38357,1033,53886,1
1965,1964000,31331,64687,20295,47161,847,45239,1
1966,1965000,29701,61837,30176,54145,3697,35359,1
1967,1966000,28694,56185,40219,58463,9349,25315,1
1968,1967000,28422,48099,49430,59627,17435,16104,1
1969,1968000,28869,38473,57056,57712,27061,8479,1
1970,1969000,29964,28309,62375,53018,37225,3159,1
1971,1970000,31634,18654,64768,45877,46880,766,1
1972,1971000,33740,10365,63975,36854,55170,1560,1
1973,1972000,36072,4169,60172,26860,61365,5362,1
1974,1973000,38379,737,53737,17002,64797,11797,1
1975,1974000,40437,444,45184,8764,65090,20350,1
1976,1975000,42061,3223,35390,4218,62311,30144,1
1977,1976000,43076,8788,25368,2517,56746,40166,1
1978,1977000,43348,16828,16166,2283,48706,49368,1
1979,1978000,42908,26446,8558,3099,39088,56976,1
1980,1979000,41856,36543,3137,5212,28991,62397,1
1981,1980000,40239,46158,584,9811,19377,64950,1
1982,1981000,38169,54445,1230,17901,11089,64304,1
1983,1982000,35850,60714,4898,27784,4820,60636,1
1984,1983000,33540,64268,11217,37685,1266,54317,1
1985,1984000,31469,64709,19680,46558,825,45854,1
1986,1985000,29809,62103,29444,53672,3431,36090,1
1987,1986000,28750,56693,39467,58210,8841,26067,1
1988,1987000,28417,48819,48735,59638,16715,16799,1
1989,1988000,28805,39339,56471,57975,26195,9063,1
1990,1989000,29848,29234,61962,53506,36300,3573,1
1991,1990000,31470,19554,64577,46573,45980,957,1
1992,1991000,33537,11177,64029,37711,54357,1505,1
1993,1992000,35847,4835,60466,27813,60699,5068,1
1994,1993000,38151,1201,54249,17968,64333,11285,1
1995,1994000,40221,677,45874,9642,64857,19660,1
1996,1995000,41872,3229,36196,4960,62305,29338,1
1997,1996000,42932,8578,26211,3170,56956,39323,1
1998,1997000,43264,16401,16959,2853,49133,48575,1
1999,1998000,42877,25870,9258,3570,39664,56276,1
2000,1999000,41867,35908,3709,5519,29626,61825,1
