1,0,61154,32959,4092,4380,32578,61442,0
2,1000,54676,43091,460,10858,22445,65074,0
3,2000,45985,52203,0,19549,13332,65535,0
4,3000,36002,59409,2713,29532,6126,62821,0
5,4000,25709,64003,8312,39825,1531,57222,0
6,5000,16114,65532,16384,49420,2,49150,0
7,6000,8151,63870,26062,57383,1664,39472,0
8,7000,2597,59219,36389,62937,6316,29145,0
9,8000,0,51953,46352,65535,13582,19182,0
10,9000,607,42770,54978,64927,22766,10556,0
11,10000,4313,32612,61429,61221,32925,4105,0
12,11000,10785,22478,65067,54749,43060,467,0
13,12000,19474,13361,65535,46060,52178,0,0
14,13000,29460,6148,62825,36074,59391,2709,0
15,14000,39760,1547,57226,25774,63992,8309,0
16,15000,49363,15,49149,16171,65524,16385,0
17,16000,57331,1679,39464,8203,63860,26070,0
18,17000,62887,6336,29129,2647,59203,36405,0
19,18000,65481,13609,19162,53,51929,46372,0
20,19000,64867,22800,10536,668,42738,54998,0
21,20000,61153,32961,4090,4381,32576,61444,0
22,21000,54675,43093,459,10859,22443,65075,0
23,22000,45983,52204,0,19551,13331,65534,0
24,23000,36000,59409,2714,29534,6125,62820,0
25,24000,25707,64003,8315,39827,1532,57219,0
26,25000,16113,65530,16387,49421,4,49147,0
27,26000,8151,63867,26065,57383,1667,39469,0
28,27000,2597,59215,36393,62937,6320,29142,0
29,28000,1,51949,46355,65533,13586,19179,0
30,29000,610,42765,54981,64924,22771,10554,0
31,30000,4316,32607,61430,61218,32930,4104,0
32,31000,10789,22473,65067,54745,43064,467,0
33,32000,19479,13357,65533,46055,52181,1,0
34,33000,29466,6145,62823,36068,59394,2711,0
35,34000,39765,1545,57222,25769,63994,8312,0
36,35000,49367,14,49145,16167,65525,16389,0
37,36000,57335,1680,39460,8199,63860,26074,0
38,37000,62889,6337,29125,2645,59201,36409,0
39,38000,65482,13617,19159,52,51921,46376,0
40,39000,64867,22808,10533,667,42729,55001,0
41,40000,61152,32969,4089,4382,32567,61446,0
42,41000,54673,43101,459,10861,22435,65075,0
43,42000,45981,52212,1,19553,13323,65533,0
44,43000,35998,59416,2716,29536,6119,62818,0
45,44000,25705,64008,8317,39829,1526,57217,0
46,45000,16111,65535,16390,49423,0,49144,0
47,46000,8150,63870,26069,57384,1664,39465,0
48,47000,2598,59217,36396,62936,6317,29138,0
49,48000,3,51945,46358,65531,13591,19176,0
50,49000,613,42760,54983,64922,22776,10552,0
51,50000,4320,32602,61431,61214,32935,4103,0
52,51000,10794,22469,65067,54740,43069,467,0
53,52000,19484,13353,65532,46050,52185,2,0
54,53000,29471,6142,62821,36063,59397,2713,0
55,54000,39770,1543,57219,25764,63996,8315,0
56,55000,49372,14,49141,16163,65525,16393,0
57,56000,57338,1680,39456,8196,63859,26078,0
58,57000,62892,6339,29121,2642,59200,36413,0
59,58000,65483,13619,19155,51,51919,46379,0
60,59000,64867,22810,10530,667,42727,55004,0
61,60000,61152,32972,4087,4383,32565,61447,0
62,61000,54672,43103,458,10862,22433,65076,0
63,62000,45979,52213,1,19555,13322,65533,0
64,63000,35996,59416,2718,29538,6119,62816,0
65,64000,25703,64007,8320,39831,1527,57214,0
66,65000,16110,65533,16393,49424,1,49141,0
67,66000,8150,63867,26072,57384,1667,39462,0
68,67000,2598,59213,36399,62936,6321,29135,0
69,68000,5,51940,46360,65530,13595,19174,0
70,69000,615,42755,54985,64919,22781,10550,0
71,70000,4324,32597,61432,61210,32940,4102,0
72,71000,10798,22464,65067,54736,43073,467,0
73,72000,19489,13349,65531,46045,52189,3,0
74,73000,29476,6139,62818,36058,59400,2716,0
75,74000,39775,1542,57216,25759,63998,8318,0
76,75000,49376,13,49138,16158,65526,16396,0
77,76000,57342,1680,39452,8192,63859,26082,0
78,77000,62894,6340,29118,2640,59199,36416,0
79,78000,65485,13621,19152,49,51917,46382,0
80,79000,64867,22813,10528,667,42725,55006,0
81,80000,61151,32974,4085,4383,32563,61449,0
82,81000,54670,43105,458,10864,22431,65076,0
83,82000,45977,52214,2,19557,13321,65532,0
84,83000,35994,59416,2719,29540,6118,62815,0
85,84000,25701,64007,8322,39833,1527,57212,0
86,85000,16109,65531,16396,49425,3,49138,0
87,86000,8149,63865,26075,57385,1670,39459,0
88,87000,2599,59210,36402,62935,6325,29132,0
89,88000,6,51936,46363,65528,13599,19171,0
90,89000,618,42751,54987,64916,22785,10548,0
91,90000,4328,32592,61433,61206,32944,4101,0
92,91000,10803,22460,65067,54731,43077,467,0
93,92000,19494,13345,65530,46040,52193,4,0
94,93000,29481,6136,62816,36053,59403,2718,0
95,94000,39780,1540,57213,25754,63999,8321,0
96,95000,49380,13,49134,16154,65527,16400,0
97,96000,57345,1681,39448,8189,63858,26086,0
98,97000,62897,6341,29114,2637,59197,36420,0
99,98000,65486,13623,19149,48,51915,46386,0
100,99000,64867,22815,10525,667,42722,55009,0
101,100000,61150,32976,4084,4384,32560,61450,0
102,101000,54669,43107,457,10865,22429,65077,0
103,102000,45976,52216,3,19559,13319,65531,0
104,103000,35992,59417,2721,29542,6118,62813,0
105,104000,25699,64006,8325,39835,1528,57209,0
106,105000,16107,65529,16399,49427,5,49135,0
107,106000,8149,63862,26079,57385,1672,39455,0
108,107000,2599,59206,36405,62935,6328,29129,0
109,108000,8,51932,46366,65526,13604,19168,0
110,109000,621,42746,54989,64913,22790,10546,0
111,110000,4331,32588,61434,61203,32949,4100,0
112,111000,10801,22456,65067,54733,43082,467,0
113,112000,19493,13342,65528,46041,52197,6,0
114,113000,29480,6133,62814,36054,59405,2720,0
115,114000,39779,1538,57210,25755,64001,8324,0
116,115000,49378,12,49130,16156,65527,16404,0
117,116000,57342,1681,39444,8192,63858,26090,0
118,117000,62893,6343,29110,2641,59196,36424,0
119,118000,65481,13625,19145,53,51913,46389,0
120,119000,64862,22817,10523,672,42720,55011,0
121,120000,61143,32979,4082,4391,32558,61452,0
122,121000,54661,43109,457,10873,22427,65077,0
123,122000,45968,52217,3,19566,13318,65531,0
124,123000,35984,59417,2723,29550,6117,62811,0
125,124000,25692,64005,8327,39842,1529,57207,0
126,125000,16100,65528,16402,49434,6,49132,0
127,126000,8142,63859,26082,57392,1675,39452,0
128,127000,2594,59202,36409,62940,6332,29126,0
129,128000,3,51927,46369,65531,13608,19165,0
130,129000,618,42741,54991,64917,22795,10544,0
131,130000,4329,32583,61435,61205,32954,4099,0
132,131000,10806,22451,65067,54728,43086,467,0
133,132000,19498,13338,65527,46036,52200,7,0
134,133000,29485,6131,62812,36049,59408,2722,0
135,134000,39784,1536,57207,25750,64003,8327,0
136,135000,49383,11,49127,16151,65528,16407,0
137,136000,57346,1682,39440,8188,63857,26094,0
138,137000,62896,6344,29106,2639,59195,36428,0
139,138000,65483,13627,19142,51,51911,46392,0
140,139000,64862,22820,10520,672,42718,55014,0
141,140000,61143,32981,4081,4391,32556,61453,0
142,141000,54660,43111,456,10874,22425,65078,0
143,142000,45966,52218,4,19568,13317,65530,0
144,143000,35982,59418,2724,29552,6117,62810,0
145,144000,25690,64005,8330,39844,1529,57204,0
146,145000,16099,65526,16405,49435,8,49129,0
147,146000,8142,63856,26085,57392,1678,39449,0
148,147000,2594,59199,36412,62940,6336,29122,0
149,148000,5,51929,46371,65529,13606,19163,0
150,149000,620,42743,54993,64914,22793,10542,0
151,150000,4333,32584,61436,61201,32952,4098,0
152,151000,10810,22453,65067,54724,43085,467,0
153,152000,19503,13340,65526,46031,52198,8,0
154,153000,29490,6134,62809,36044,59405,2725,0
155,154000,39789,1541,57204,25746,63999,8330,0
156,155000,49387,17,49123,16147,65523,16411,0
157,156000,57349,1688,39436,8185,63851,26098,0
158,157000,62898,6351,29103,2636,59187,36431,0
159,158000,65484,13629,19139,50,51909,46395,0
160,159000,64862,22822,10518,672,42716,55016,0
161,160000,61142,32983,4079,4392,32553,61455,0
162,161000,54659,43113,456,10876,22423,65078,0
163,162000,45964,52220,4,19570,13315,65530,0
164,163000,35980,59418,2726,29554,6116,62808,0
165,164000,25688,64004,8332,39846,1530,57202,0
166,165000,16098,65524,16408,49437,10,49126,0
167,166000,8141,63854,26088,57393,1681,39446,0
168,167000,2595,59195,36415,62939,6339,29119,0
169,168000,7,51925,46374,65527,13611,19160,0
170,169000,623,42738,54995,64911,22798,10539,0
171,170000,4336,32580,61437,61198,32957,4097,0
172,171000,10814,22449,65067,54720,43089,467,0
173,172000,19508,13337,65525,46026,52202,9,0
174,173000,29495,6131,62807,36039,59408,2727,0
175,174000,39793,1539,57201,25741,64000,8333,0
176,175000,49391,16,49120,16143,65523,16414,0
177,176000,57353,1688,39433,8181,63851,26101,0
178,177000,62900,6353,29099,2634,59186,36435,0
179,178000,65485,13631,19136,49,51907,46399,0
180,179000,64863,22824,10515,671,42713,55019,0
181,180000,61142,32985,4077,4393,32551,61457,0
182,181000,54657,43115,455,10877,22421,65079,0
183,182000,45962,52221,5,19572,13314,65529,0
184,183000,35978,59419,2728,29557,6116,62806,0
185,184000,25686,64004,8334,39848,1530,57200,0
186,185000,16096,65523,16411,49438,11,49123,0
187,186000,8141,63851,26091,57393,1683,39443,0
188,187000,2596,59192,36418,62938,6343,29116,0
189,188000,8,51920,46377,65526,13615,19157,0
190,189000,625,42733,54997,64909,22802,10537,0
191,190000,4340,32575,61438,61195,32962,4096,0
192,191000,10819,22444,65067,54715,43093,467,0
193,192000,19513,13333,65524,46021,52205,10,0
194,193000,29500,6128,62805,36034,59411,2729,0
195,194000,39798,1537,57198,25736,64002,8336,0
196,195000,49395,15,49116,16139,65524,16418,0
197,196000,57356,1689,39429,8178,63850,26105,0
198,197000,62902,6354,29096,2632,59185,36438,0
199,198000,65486,13639,19132,48,51899,46402,0
200,199000,64863,22832,10513,671,42705,55022,0
201,200000,61141,32993,4076,4393,32543,61458,0
202,201000,54656,43123,455,10878,22413,65079,0
203,202000,45960,52228,6,19574,13307,65528,0
204,203000,35976,59425,2729,29559,6110,62805,0
205,204000,25684,64009,8337,39850,1525,57197,0
206,205000,16095,65527,16414,49439,7,49120,0
207,206000,8140,63854,26095,57394,1680,39439,0
208,207000,2596,59194,36421,62938,6341,29113,0
209,208000,10,51916,46379,65524,13619,19155,0
210,209000,628,42729,54999,64906,22807,10535,0
211,210000,4343,32571,61439,61191,32966,4095,0
212,211000,10823,22440,65067,54711,43097,467,0
213,212000,19517,13329,65523,46017,52209,12,0
214,213000,29505,6125,62803,36029,59413,2731,0
215,214000,39803,1535,57195,25731,64004,8339,0
216,215000,49399,15,49113,16135,65525,16421,0
217,216000,57359,1689,39425,8175,63850,26109,0
218,217000,62905,6355,29092,2629,59184,36442,0
219,218000,65488,13641,19129,46,51898,46405,0
220,219000,64863,22834,10510,671,42703,55024,0
221,220000,61140,32996,4074,4394,32541,61460,0
222,221000,54655,43124,454,10879,22412,65080,0
223,222000,45958,52229,6,19576,13306,65528,0
224,223000,35973,59425,2731,29561,6109,62803,0
225,224000,25683,64008,8339,39851,1526,57195,0
226,225000,16094,65525,16417,49440,9,49117,0
227,226000,8140,63852,26098,57394,1683,39436,0
228,227000,2597,59190,36424,62937,6344,29110,0
229,228000,11,51912,46382,65523,13623,19152,0
230,229000,630,42724,55001,64904,22811,10533,0
231,230000,4346,32566,61440,61188,32971,4094,0
232,231000,10827,22436,65067,54707,43101,467,0
233,232000,19522,13326,65521,46012,52212,13,0
234,233000,29510,6123,62801,36024,59416,2733,0
235,234000,39807,1534,57192,25727,64006,8342,0
236,235000,49404,14,49109,16131,65525,16425,0
237,236000,57363,1689,39422,8171,63850,26113,0
238,237000,62907,6356,29089,2627,59182,36446,0
239,238000,65489,13642,19126,45,51896,46408,0
240,239000,64863,22837,10508,671,42701,55026,0
241,240000,61140,32998,4073,4394,32539,61461,0
242,241000,54653,43126,454,10881,22410,65080,0
243,242000,45956,52231,7,19578,13304,65527,0
244,243000,35972,59426,2732,29563,6109,62802,0
245,244000,25681,64008,8341,39853,1526,57193,0
246,245000,16092,65524,16420,49442,10,49114,0
247,246000,8139,63849,26101,57395,1685,39433,0
248,247000,2597,59187,36427,62937,6348,29107,0
249,248000,13,51908,46385,65521,13627,19150,0
250,249000,633,42720,55003,64901,22816,10532,0
251,250000,4350,32562,61441,61184,32975,4093,0
252,251000,10831,22432,65067,54703,43106,467,0
253,252000,19527,13322,65520,46007,52216,14,0
254,253000,29515,6120,62799,36019,59419,2735,0
255,254000,39812,1532,57189,25722,64007,8345,0
256,255000,49408,13,49106,16127,65526,16428,0
257,256000,57366,1690,39418,8168,63849,26116,0
258,257000,62909,6357,29085,2625,59181,36449,0
259,258000,65490,13644,19123,44,51894,46411,0
260,259000,64864,22839,10505,671,42699,55029,0
261,260000,61139,33000,4071,4395,32537,61463,0
262,261000,54652,43128,453,10882,22408,65081,0
263,262000,45955,52232,8,19580,13303,65527,0
264,263000,35970,59426,2734,29565,6108,62800,0
265,264000,25679,64007,8344,39855,1527,57190,0
266,265000,16091,65522,16423,49443,12,49111,0
267,266000,8139,63846,26104,57395,1688,39430,0
268,267000,2598,59184,36430,62936,6351,29104,0
269,268000,15,51904,46387,65519,13631,19147,0
270,269000,636,42715,55004,64898,22820,10530,0
271,270000,4354,32557,61442,61180,32980,4092,0
272,271000,10836,22428,65067,54698,43110,467,0
273,272000,19532,13319,65519,46002,52220,15,0
274,273000,29520,6117,62797,36015,59421,2737,0
275,274000,39816,1530,57186,25718,64009,8348,0
276,275000,49412,13,49103,16123,65526,16432,0
277,276000,57369,1690,39414,8165,63849,26120,0
278,277000,62912,6359,29081,2622,59180,36453,0
279,278000,65491,13646,19120,43,51892,46414,0
280,279000,64864,22841,10503,670,42697,55031,0
281,280000,61138,33002,4070,4396,32535,61464,0
282,281000,54651,43130,453,10884,22406,65081,0
283,282000,45953,52233,8,19581,13302,65526,0
284,283000,35968,59427,2735,29566,6108,62799,0
285,284000,25677,64007,8346,39857,1528,57188,0
286,285000,16090,65520,16426,49444,14,49108,0
287,286000,8139,63844,26107,57396,1691,39427,0
288,287000,2598,59180,36433,62936,6355,29101,0
289,288000,16,51900,46390,65518,13636,19144,0
290,289000,638,42711,55006,64896,22825,10528,0
291,290000,4357,32553,61443,61177,32984,4091,0
292,291000,10840,22424,65066,54694,43114,468,0
293,292000,19536,13315,65518,45998,52223,16,0
294,293000,29524,6115,62794,36010,59424,2740,0
295,294000,39821,1529,57183,25713,64011,8351,0
296,295000,49416,12,49099,16119,65527,16435,0
297,296000,57372,1691,39411,8162,63848,26123,0
298,297000,62914,6360,29078,2620,59179,36456,0
299,298000,65493,13648,19117,42,51890,46417,0
300,299000,64864,22843,10501,670,42695,55034,0
301,300000,61138,33004,4068,4396,32533,61466,0
302,301000,54649,43132,452,10885,22404,65082,0
303,302000,45951,52234,9,19583,13301,65525,0
304,303000,35966,59427,2737,29568,6108,62797,0
305,304000,25676,64006,8348,39858,1528,57186,0
306,305000,16089,65519,16429,49445,15,49106,0
307,306000,8138,63841,26110,57396,1693,39424,0
308,307000,2599,59177,36436,62935,6358,29098,0
309,308000,18,51896,46392,65516,13640,19142,0
310,309000,641,42707,55008,64893,22829,10526,0
311,310000,4361,32548,61444,61174,32988,4090,0
312,311000,10844,22419,65066,54690,43118,468,0
313,312000,19541,13312,65517,45993,52227,17,0
314,313000,29529,6112,62792,36005,59427,2742,0
315,314000,39825,1527,57181,25709,64012,8353,0
316,315000,49420,12,49096,16115,65528,16438,0
317,316000,57375,1691,39407,8159,63848,26127,0
318,317000,62916,6361,29075,2618,59178,36460,0
319,318000,65494,13650,19114,40,51889,46420,0
320,319000,64864,22845,10498,670,42692,55036,0
321,320000,61137,33006,4067,4397,32530,61467,0
322,321000,54648,43133,452,10886,22402,65082,0
323,322000,45949,52235,9,19585,13300,65525,0
324,323000,35964,59427,2738,29570,6107,62796,0
325,324000,25674,64005,8351,39860,1529,57183,0
326,325000,16088,65517,16431,49446,17,49103,0
327,326000,8138,63838,26113,57396,1696,39421,0
328,327000,2599,59173,36439,62935,6361,29095,0
329,328000,19,51892,46395,65515,13644,19139,0
330,329000,643,42702,55010,64891,22834,10524,0
331,330000,4364,32544,61445,61170,32993,4089,0
332,331000,10848,22415,65066,54686,43122,468,0
333,332000,19545,13308,65516,45989,52230,18,0
334,333000,29534,6109,62790,36000,59429,2744,0
335,334000,39830,1525,57178,25704,64014,8356,0
336,335000,49423,11,49092,16111,65528,16442,0
337,336000,57379,1691,39404,8155,63848,26130,0
338,337000,62918,6362,29071,2616,59176,36463,0
339,338000,65495,13651,19111,39,51887,46423,0
340,339000,64864,22847,10496,670,42690,55038,0
341,340000,61136,33008,4065,4398,32528,61469,0
342,341000,54646,43135,452,10888,22401,65082,0
343,342000,45947,52237,10,19587,13299,65524,0
344,343000,35962,59428,2740,29572,6107,62794,0
345,344000,25672,64005,8353,39862,1529,57181,0
346,345000,16086,65515,16434,49448,19,49100,0
347,346000,8137,63836,26116,57397,1698,39418,0
348,347000,2600,59170,36442,62934,6365,29092,0
349,348000,21,51887,46397,65513,13648,19137,0
350,349000,646,42698,55012,64888,22838,10522,0
351,350000,4367,32540,61446,61167,32997,4088,0
352,351000,10852,22411,65066,54682,43126,468,0
353,352000,19550,13305,65515,45984,52234,19,0
354,353000,29538,6107,62788,35996,59432,2746,0
355,354000,39834,1524,57175,25700,64015,8359,0
356,355000,49427,10,49089,16107,65529,16445,0
357,356000,57382,1692,39400,8152,63847,26134,0
358,357000,62920,6363,29068,2614,59175,36466,0
359,358000,65496,13653,19108,38,51885,46426,0
360,359000,64864,22849,10494,670,42688,55040,0
361,360000,61135,33011,4064,4399,32526,61470,0
362,361000,54645,43137,451,10889,22399,65083,0
363,362000,45946,52238,10,19588,13297,65524,0
364,363000,35960,59428,2741,29574,6107,62793,0
365,364000,25671,64004,8355,39863,1530,57179,0
366,365000,16085,65514,16437,49449,20,49097,0
367,366000,8137,63833,26119,57397,1701,39415,0
368,367000,2600,59166,36445,62934,6368,29089,0
369,368000,22,51884,46400,65512,13652,19134,0
370,369000,648,42694,55014,64886,22842,10520,0
371,370000,4371,32535,61447,61163,33002,4087,0
372,371000,10856,22407,65066,54678,43130,468,0
373,372000,19554,13301,65514,45980,52237,21,0
374,373000,29543,6104,62786,35991,59435,2748,0
375,374000,39839,1522,57172,25695,64017,8362,0
376,375000,49431,10,49086,16103,65529,16448,0
377,376000,57385,1692,39397,8149,63847,26137,0
378,377000,62923,6365,29064,2611,59174,36470,0
379,378000,65497,13655,19105,37,51883,46429,0
380,379000,64865,22851,10491,669,42686,55043,0
381,380000,61135,33013,4063,4399,32524,61471,0
382,381000,54644,43139,451,10890,22397,65083,0
383,382000,45944,52239,11,19590,13296,65523,0
384,383000,35958,59428,2743,29576,6106,62791,0
385,384000,25669,64004,8357,39865,1531,57177,0
386,385000,16084,65512,16440,49450,22,49094,0
387,386000,8136,63831,26122,57398,1703,39412,0
388,387000,2601,59163,36448,62933,6372,29087,0
389,388000,24,51879,46402,65510,13656,19132,0
390,389000,651,42689,55015,64883,22847,10519,0
391,390000,4374,32531,61448,61160,33006,4086,0
392,391000,10854,22403,65066,54680,43134,468,0
393,392000,19553,13298,65512,45981,52240,22,0
394,393000,29542,6102,62784,35992,59437,2750,0
395,394000,39837,1520,57169,25697,64019,8365,0
396,395000,49429,9,49083,16105,65530,16452,0
397,396000,57382,1692,39393,8152,63847,26141,0
398,397000,62919,6366,29061,2615,59173,36473,0
399,398000,65492,13657,19102,42,51881,46432,0
400,399000,64859,22853,10489,675,42684,55045,0
401,400000,61128,33015,4061,4406,32522,61473,0
402,401000,54636,43141,450,10898,22395,65084,0
403,402000,45936,52240,12,19598,13295,65522,0
404,403000,35950,59429,2744,29584,6106,62790,0
405,404000,25661,64003,8360,39873,1531,57174,0
406,405000,16077,65511,16442,49457,23,49092,0
407,406000,8130,63828,26125,57404,1706,39409,0
408,407000,2595,59160,36450,62939,6375,29084,0
409,408000,19,51881,46405,65515,13654,19129,0
410,409000,647,42691,55017,64887,22845,10517,0
411,410000,4372,32532,61449,61163,33004,4085,0
412,411000,10858,22405,65066,54676,43132,468,0
413,412000,19557,13300,65511,45977,52238,23,0
414,413000,29546,6105,62782,35988,59434,2752,0
415,414000,39842,1525,57167,25692,64014,8367,0
416,415000,49433,15,49079,16101,65525,16455,0
417,416000,57385,1699,39390,8149,63840,26144,0
418,417000,62921,6373,29058,2613,59166,36477,0
419,418000,65494,13664,19099,40,51874,46435,0
420,419000,64859,22861,10487,675,42676,55047,0
421,420000,61127,33023,4060,4407,32514,61474,0
422,421000,54635,43148,450,10899,22388,65084,0
423,422000,45934,52247,12,19600,13288,65522,0
424,423000,35949,59435,2746,29586,6100,62788,0
425,424000,25660,64008,8362,39874,1526,57172,0
426,425000,16076,65515,16445,49458,19,49089,0
427,426000,8130,63832,26128,57405,1703,39406,0
428,427000,2596,59162,36453,62938,6372,29081,0
429,428000,21,51878,46407,65513,13658,19127,0
430,429000,650,42687,55019,64884,22849,10515,0
431,430000,4375,32528,61450,61159,33009,4084,0
432,431000,10863,22401,65066,54672,43136,468,0
433,432000,19562,13297,65510,45972,52241,24,0
434,433000,29551,6102,62780,35983,59436,2754,0
435,434000,39846,1523,57164,25688,64016,8370,0
436,435000,49437,14,49076,16097,65525,16458,0
437,436000,57388,1699,39386,8146,63840,26148,0
438,437000,62923,6374,29054,2611,59165,36480,0
439,438000,65495,13666,19096,39,51872,46438,0
440,439000,64859,22863,10485,675,42674,55050,0
441,440000,61127,33025,4058,4407,32512,61476,0
442,441000,54634,43150,450,10900,22386,65084,0
443,442000,45933,52248,13,19601,13287,65521,0
444,443000,35947,59435,2747,29587,6099,62787,0
445,444000,25658,64008,8364,39876,1526,57170,0
446,445000,16075,65513,16448,49460,21,49086,0
447,446000,8129,63829,26131,57405,1705,39403,0
448,447000,2596,59159,36456,62938,6376,29078,0
449,448000,22,51874,46410,65512,13662,19124,0
450,449000,652,42682,55021,64882,22854,10513,0
451,450000,4378,32524,61451,61156,33013,4083,0
452,451000,10867,22397,65066,54668,43140,468,0
453,452000,19566,13294,65509,45968,52245,25,0
454,453000,29555,6100,62778,35979,59439,2756,0
455,454000,39850,1521,57161,25684,64018,8373,0
456,455000,49441,13,49073,16093,65526,16461,0
457,456000,57391,1699,39383,8143,63840,26151,0
458,457000,62925,6375,29051,2609,59164,36483,0
459,458000,65496,13668,19093,38,51870,46441,0
460,459000,64859,22865,10482,675,42672,55052,0
461,460000,61126,33027,4057,4408,32510,61477,0
462,461000,54632,43152,449,10902,22384,65085,0
463,462000,45931,52250,13,19603,13286,65521,0
464,463000,35945,59436,2749,29589,6099,62785,0
465,464000,25656,64007,8366,39878,1527,57168,0
466,465000,16073,65512,16451,49461,22,49083,0
467,466000,8129,63827,26134,57405,1708,39400,0
468,467000,2597,59156,36459,62937,6379,29075,0
469,468000,24,51870,46412,65510,13665,19122,0
470,469000,655,42678,55023,64879,22858,10511,0
471,470000,4382,32520,61452,61153,33017,4082,0
472,471000,10871,22393,65066,54664,43144,468,0
473,472000,19571,13290,65508,45963,52248,26,0
474,473000,29560,6097,62776,35974,59442,2758,0
475,474000,39855,1520,57159,25679,64019,8376,0
476,475000,49445,13,49070,16090,65526,16464,0
477,476000,57394,1700,39379,8140,63839,26155,0
478,477000,62928,6376,29048,2607,59162,36487,0
479,478000,65497,13670,19090,37,51869,46444,0
480,479000,64860,22867,10480,674,42670,55054,0
481,480000,61125,33029,4056,4409,32508,61478,0
482,481000,54631,43153,449,10903,22383,65085,0
483,482000,45929,52251,14,19605,13284,65520,0
484,483000,35943,59436,2750,29591,6098,62784,0
485,484000,25655,64007,8368,39879,1528,57166,0
486,485000,16072,65510,16453,49462,24,49081,0
487,486000,8128,63824,26137,57406,1710,39397,0
488,487000,2597,59152,36462,62937,6382,29072,0
489,488000,25,51866,46415,65509,13669,19119,0
490,489000,657,42674,55025,64877,22862,10510,0
491,490000,4385,32515,61453,61149,33021,4081,0
492,491000,10874,22389,65066,54660,43148,468,0
493,492000,19575,13287,65507,45959,52251,27,0
494,493000,29564,6095,62774,35970,59444,2760,0
495,494000,39859,1518,57156,25675,64021,8378,0
496,495000,49448,12,49066,16086,65527,16468,0
497,496000,57397,1700,39376,8137,63839,26158,0
498,497000,62930,6377,29044,2604,59161,36490,0
499,498000,65498,13671,19087,36,51867,46447,0
500,499000,64860,22869,10478,674,42668,55056,0
501,500000,61125,33031,4054,4409,32506,61480,0
502,501000,54630,43155,448,10904,22381,65086,0
503,502000,45928,52252,15,19607,13283,65519,0
504,503000,35941,59436,2752,29593,6098,62782,0
505,504000,25653,64006,8371,39881,1528,57163,0
506,505000,16071,65509,16456,49463,25,49078,0
507,506000,8128,63822,26140,57406,1713,39394,0
508,507000,2598,59149,36465,62936,6385,29069,0
509,508000,27,51862,46417,65507,13673,19117,0
510,509000,660,42670,55026,64875,22866,10508,0
511,510000,4388,32511,61454,61146,33026,4080,0
512,511000,10878,22385,65066,54656,43152,468,0
513,512000,19579,13284,65506,45955,52255,28,0
514,513000,29569,6092,62773,35965,59447,2762,0
515,514000,39863,1517,57153,25671,64022,8381,0
516,515000,49452,12,49063,16082,65528,16471,0
517,516000,57401,1700,39373,8134,63839,26161,0
518,517000,62932,6378,29041,2602,59160,36493,0
519,518000,65499,13673,19084,35,51865,46450,0
520,519000,64860,22871,10476,674,42666,55058,0
521,520000,61124,33033,4053,4410,32504,61481,0
522,521000,54629,43157,448,10906,22379,65086,0
523,522000,45926,52253,15,19608,13282,65519,0
524,523000,35939,59437,2753,29595,6098,62781,0
525,524000,25651,64005,8373,39883,1529,57161,0
526,525000,16070,65507,16459,49464,27,49075,0
527,526000,8127,63819,26143,57407,1715,39391,0
528,527000,2598,59146,36468,62936,6389,29067,0
529,528000,28,51858,46420,65506,13677,19114,0
530,529000,662,42666,55028,64872,22870,10506,0
531,530000,4391,32507,61455,61143,33030,4079,0
532,531000,10882,22382,65066,54652,43156,468,0
533,532000,19584,13280,65505,45950,52258,29,0
534,533000,29573,6090,62771,35961,59449,2763,0
535,534000,39867,1515,57151,25667,64024,8383,0
536,535000,49456,11,49060,16078,65528,16474,0
537,536000,57404,1701,39369,8131,63838,26165,0
538,537000,62934,6380,29038,2600,59159,36496,0
539,538000,65501,13675,19082,33,51864,46452,0
540,539000,64860,22873,10473,674,42664,55061,0
541,540000,61124,33035,4052,4410,32502,61482,0
542,541000,54627,43158,448,10907,22377,65086,0
543,542000,45924,52254,16,19610,13281,65518,0
544,543000,35938,59437,2755,29596,6097,62779,0
545,544000,25650,64005,8375,39884,1529,57159,0
546,545000,16069,65506,16461,49465,28,49073,0
547,546000,8127,63817,26146,57407,1717,39388,0
548,547000,2598,59143,36470,62936,6392,29064,0
549,548000,29,51854,46422,65505,13681,19112,0
550,549000,664,42661,55030,64870,22874,10504,0
551,550000,4395,32503,61456,61140,33034,4079,0
552,551000,10886,22378,65066,54648,43160,468,0
553,552000,19588,13277,65504,45946,52261,30,0
554,553000,29578,6087,62769,35956,59452,2765,0
555,554000,39872,1514,57148,25663,64026,8386,0
556,555000,49460,10,49057,16075,65529,16477,0
557,556000,57406,1701,39366,8128,63838,26168,0
558,557000,62936,6381,29035,2598,59158,36500,0
559,558000,65502,13676,19079,32,51862,46455,0
560,559000,64860,22875,10471,674,42662,55063,0
561,560000,61123,33037,4050,4411,32500,61484,0
562,561000,54626,43160,447,10908,22376,65087,0
563,562000,45923,52255,16,19612,13280,65518,0
564,563000,35936,59437,2756,29598,6097,62778,0
565,564000,25648,64004,8377,39886,1530,57157,0
566,565000,16068,65504,16464,49466,30,49070,0
567,566000,8126,63814,26148,57408,1720,39386,0
568,567000,2599,59139,36473,62935,6395,29061,0
569,568000,31,51851,46424,65503,13685,19110,0
570,569000,667,42657,55032,64867,22879,10502,0
571,570000,4398,32499,61456,61136,33038,4078,0
572,571000,10890,22374,65066,54644,43164,468,0
573,572000,19592,13274,65503,45942,52265,31,0
574,573000,29582,6085,62767,35952,59454,2767,0
575,574000,39876,1512,57145,25658,64027,8389,0
576,575000,49463,10,49054,16071,65530,16480,0
577,576000,57409,1701,39363,8125,63838,26171,0
578,577000,62938,6382,29031,2596,59157,36503,0
579,578000,65503,13678,19076,31,51860,46458,0
580,579000,64861,22877,10469,673,42660,55065,0
581,580000,61122,33038,4049,4412,32498,61485,0
582,581000,54625,43162,447,10909,22374,65087,0
583,582000,45921,52256,17,19613,13279,65517,0
584,583000,35934,59438,2758,29600,6097,62777,0
585,584000,25647,64004,8379,39887,1530,57155,0
586,585000,16067,65503,16467,49467,31,49067,0
587,586000,8126,63812,26151,57408,1722,39383,0
588,587000,2599,59136,36476,62935,6398,29058,0
589,588000,32,51847,46427,65502,13688,19107,0
590,589000,669,42653,55033,64865,22883,10501,0
591,590000,4401,32495,61457,61133,33042,4077,0
592,591000,10894,22370,65066,54640,43167,468,0
593,592000,19596,13270,65502,45938,52268,32,0
594,593000,29586,6082,62765,35948,59457,2769,0
595,594000,39880,1510,57143,25654,64029,8391,0
596,595000,49467,9,49051,16067,65530,16483,0
597,596000,57412,1702,39360,8122,63838,26175,0
598,597000,62940,6383,29028,2594,59156,36506,0
599,598000,65504,13679,19073,30,51859,46461,0
600,599000,64861,22879,10467,673,42658,55067,0
601,600000,61122,33040,4048,4412,32496,61486,0
602,601000,54624,43163,446,10911,22373,65088,0
603,602000,45919,52257,17,19615,13278,65517,0
604,603000,35932,59438,2759,29602,6096,62775,0
605,604000,25645,64003,8381,39889,1531,57153,0
606,605000,16066,65501,16469,49469,33,49065,0
607,606000,8126,63810,26154,57408,1725,39380,0
608,607000,2600,59133,36479,62934,6401,29056,0
609,608000,34,51843,46429,65500,13692,19105,0
610,609000,671,42649,55035,64863,22887,10499,0
611,610000,4404,32491,61458,61130,33046,4076,0
612,611000,10897,22366,65066,54637,43171,468,0
613,612000,19601,13267,65501,45934,52271,33,0
614,613000,29591,6080,62763,35944,59459,2771,0
615,614000,39884,1509,57140,25650,64030,8394,0
616,615000,49470,8,49048,16064,65531,16486,0
617,616000,57415,1702,39356,8119,63837,26178,0
618,617000,62942,6384,29025,2592,59155,36509,0
619,618000,65505,13681,19071,29,51857,46463,0
620,619000,64861,22881,10465,673,42657,55069,0
621,620000,61121,33042,4046,4413,32494,61488,0
622,621000,54622,43165,446,10912,22371,65088,0
623,622000,45918,52258,18,19616,13277,65516,0
624,623000,35931,59438,2760,29603,6096,62774,0
625,624000,25644,64003,8383,39890,1531,57151,0
626,625000,16064,65500,16472,49470,34,49062,0
627,626000,8125,63807,26157,57409,1727,39377,0
628,627000,2600,59130,36481,62934,6404,29053,0
629,628000,35,51840,46432,65499,13696,19103,0
630,629000,673,42645,55037,64861,22891,10497,0
631,630000,4407,32487,61459,61127,33050,4075,0
632,631000,10901,22363,65066,54633,43175,468,0
633,632000,19605,13264,65500,45929,52274,34,0
634,633000,29595,6077,62762,35939,59462,2773,0
635,634000,39888,1507,57138,25646,64032,8396,0
636,635000,49474,8,49045,16060,65531,16489,0
637,636000,57418,1702,39353,8116,63837,26181,0
638,637000,62944,6385,29022,2590,59154,36512,0
639,638000,65506,13682,19068,28,51856,46466,0
640,639000,64861,22883,10463,673,42655,55071,0
641,640000,61121,33044,4045,4413,32493,61489,0
642,641000,54621,43166,446,10913,22369,65088,0
643,642000,45916,52259,18,19618,13276,65516,0
644,643000,35929,59439,2762,29605,6096,62772,0
645,644000,25642,64002,8385,39892,1532,57149,0
646,645000,16063,65498,16474,49471,36,49060,0
647,646000,8125,63805,26160,57409,1729,39374,0
648,647000,2601,59127,36484,62933,6408,29050,0
649,648000,36,51836,46434,65498,13699,19100,0
650,649000,676,42641,55039,64858,22894,10495,0
651,650000,4410,32483,61460,61124,33054,4074,0
652,651000,10905,22359,65066,54629,43179,468,0
653,652000,19609,13261,65499,45925,52277,35,0
654,653000,29599,6075,62760,35935,59464,2774,0
655,654000,39892,1506,57135,25642,64033,8399,0
656,655000,49478,7,49042,16057,65532,16492,0
657,656000,57421,1702,39350,8113,63837,26184,0
658,657000,62946,6386,29019,2588,59153,36515,0
659,658000,65507,13684,19065,27,51854,46469,0
660,659000,64862,22885,10461,673,42653,55073,0
661,660000,61120,33046,4044,4414,32491,61490,0
662,661000,54614,43168,445,10920,22368,65089,0
663,662000,45909,52260,19,19625,13275,65515,0
664,663000,35921,59439,2763,29613,6095,62771,0
665,664000,25635,64002,8387,39899,1533,57147,0
666,665000,16056,65497,16477,49478,37,49057,0
667,666000,8119,63803,26162,57416,1732,39372,0
668,667000,2595,59124,36487,62939,6411,29047,0
669,668000,32,51838,46436,65502,13697,19098,0
670,669000,672,42643,55040,64862,22892,10494,0
671,670000,4407,32485,61461,61127,33052,4073,0
672,671000,10903,22361,65066,54631,43176,468,0
673,672000,19607,13264,65499,45927,52275,36,0
674,673000,29597,6078,62758,35937,59461,2776,0
675,674000,39890,1510,57133,25644,64029,8401,0
676,675000,49475,13,49039,16059,65527,16495,0
677,676000,57418,1708,39347,8116,63831,26187,0
678,677000,62942,6393,29016,2592,59146,36518,0
679,678000,65503,13691,19063,32,51847,46471,0
680,679000,64856,22892,10459,678,42645,55075,0
681,680000,61114,33054,4043,4421,32483,61491,0
682,681000,54613,43176,445,10921,22360,65089,0
683,682000,45907,52267,19,19627,13268,65515,0
684,683000,35920,59445,2764,29614,6089,62770,0
685,684000,25633,64007,8389,39901,1527,57145,0
686,685000,16055,65501,16479,49479,33,49055,0
687,686000,8118,63806,26165,57416,1728,39369,0
688,687000,2595,59127,36489,62939,6408,29045,0
689,688000,33,51835,46438,65501,13701,19096,0
690,689000,674,42640,55042,64860,22896,10492,0
691,690000,4410,32481,61462,61124,33056,4072,0
692,691000,10906,22357,65066,54628,43180,468,0
693,692000,19611,13260,65498,45923,52278,36,0
694,693000,29601,6076,62756,35933,59463,2778,0
695,694000,39894,1509,57131,25640,64031,8403,0
696,695000,49479,12,49036,16055,65527,16498,0
697,696000,57421,1709,39344,8113,63830,26190,0
698,697000,62945,6393,29013,2590,59145,36521,0
699,698000,65504,13693,19060,30,51845,46474,0
700,699000,64856,22894,10457,678,42643,55077,0
701,700000,61113,33055,4041,4421,32481,61493,0
702,701000,54612,43177,445,10922,22359,65090,0
703,702000,45906,52268,20,19628,13267,65514,0
704,703000,35918,59446,2766,29616,6089,62768,0
705,704000,25632,64006,8391,39902,1528,57143,0
706,705000,16054,65500,16482,49480,34,49052,0
707,706000,8118,63804,26168,57416,1730,39366,0
708,707000,2596,59124,36492,62938,6411,29042,0
709,708000,34,51831,46441,65500,13704,19093,0
710,709000,677,42636,55044,64858,22900,10490,0
711,710000,4413,32477,61463,61121,33060,4071,0
712,711000,10910,22354,65066,54624,43184,468,0
713,712000,19615,13257,65497,45919,52281,37,0
714,713000,29605,6073,62755,35929,59465,2780,0
715,714000,39898,1507,57128,25636,64032,8406,0
716,715000,49482,11,49033,16052,65528,16501,0
717,716000,57424,1709,39341,8110,63830,26193,0
718,717000,62946,6394,29010,2588,59144,36524,0
719,718000,65505,13694,19057,29,51844,46477,0
720,719000,64856,22896,10455,678,42642,55079,0
721,720000,61112,33057,4040,4422,32479,61494,0
722,721000,54611,43179,444,10923,22357,65090,0
723,722000,45904,52269,20,19630,13266,65514,0
724,723000,35917,59446,2767,29617,6089,62767,0
725,724000,25630,64006,8393,39904,1528,57141,0
726,725000,16053,65498,16484,49481,36,49050,0
727,726000,8117,63802,26170,57417,1733,39364,0
728,727000,2596,59121,36495,62938,6414,29040,0
729,728000,36,51828,46443,65498,13708,19091,0
730,729000,679,42632,55045,64855,22904,10489,0
731,730000,4416,32473,61464,61118,33064,4070,0
732,731000,10914,22350,65066,54621,43187,468,0
733,732000,19619,13254,65496,45915,52284,38,0
734,733000,29610,6071,62753,35925,59468,2781,0
735,734000,39902,1505,57126,25632,64034,8408,0
736,735000,49486,11,49031,16048,65529,16503,0
737,736000,57427,1709,39338,8108,63830,26196,0
738,737000,62948,6395,29007,2586,59143,36527,0
739,738000,65506,13696,19055,28,51842,46479,0
740,739000,64857,22898,10453,678,42640,55081,0
741,740000,61112,33059,4039,4422,32478,61495,0
742,741000,54610,43180,444,10925,22356,65090,0
743,742000,45903,52270,21,19631,13265,65513,0
744,743000,35915,59446,2768,29619,6088,62766,0
745,744000,25629,64005,8395,39905,1529,57139,0
746,745000,16052,65497,16487,49482,37,49047,0
747,746000,8117,63799,26173,57417,1735,39361,0
748,747000,2597,59118,36497,62937,6417,29037,0
749,748000,37,51824,46445,65497,13711,19089,0
750,749000,681,42628,55047,64853,22908,10487,0
751,750000,4419,32469,61465,61115,33068,4069,0
752,751000,10917,22347,65066,54617,43191,468,0
753,752000,19623,13251,65495,45911,52287,39,0
754,753000,29614,6069,62751,35920,59470,2783,0
755,754000,39906,1504,57123,25628,64035,8411,0
756,755000,49489,10,49028,16045,65529,16506,0
757,756000,57429,1709,39335,8105,63830,26199,0
758,757000,62950,6396,29004,2584,59142,36530,0
759,758000,65507,13697,19052,27,51841,46482,0
760,759000,64857,22899,10451,677,42638,55083,0
761,760000,61111,33061,4038,4423,32476,61496,0
762,761000,54608,43182,443,10926,22354,65091,0
763,762000,45901,52271,21,19633,13264,65513,0
764,763000,35913,59446,2770,29621,6088,62764,0
765,764000,25627,64005,8397,39907,1529,57137,0
766,765000,16051,65495,16489,49483,39,49045,0
767,766000,8117,63797,26176,57417,1737,39358,0
768,767000,2597,59115,36500,62937,6420,29034,0
769,768000,38,51820,46448,65496,13715,19087,0
770,769000,683,42624,55049,64851,22912,10485,0
771,770000,4422,32465,61466,61112,33071,4068,0
772,771000,10921,22343,65066,54613,43195,468,0
773,772000,19627,13248,65494,45907,52290,40,0
774,773000,29618,6066,62749,35916,59472,2785,0
775,774000,39910,1502,57121,25624,64037,8413,0
776,775000,49493,9,49025,16042,65530,16509,0
777,776000,57432,1710,39332,8102,63830,26202,0
778,777000,62952,6397,29001,2582,59142,36533,0
779,778000,65508,13699,19050,26,51839,46484,0
780,779000,64857,22901,10449,677,42636,55085,0
781,780000,61111,33063,4036,4423,32474,61498,0
782,781000,54607,43183,443,10927,22353,65091,0
783,782000,45900,52272,22,19634,13263,65512,0
784,783000,35912,59447,2771,29622,6088,62763,0
785,784000,25626,64004,8399,39908,1530,57135,0
786,785000,16050,65494,16492,49484,40,49043,0
787,786000,8116,63795,26178,57418,1739,39356,0
788,787000,2598,59112,36502,62937,6423,29032,0
789,788000,40,51817,46450,65495,13718,19084,0
790,789000,685,42620,55050,64849,22916,10484,0
791,790000,4425,32461,61467,61109,33075,4068,0
792,791000,10924,22339,65066,54610,43198,468,0
793,792000,19631,13245,65493,45903,52293,41,0
794,793000,29622,6064,62748,35912,59475,2786,0
795,794000,39913,1501,57119,25621,64038,8415,0
796,795000,49496,9,49022,16038,65530,16512,0
797,796000,57435,1710,39329,8099,63829,26205,0
798,797000,62954,6398,28998,2580,59141,36536,0
799,798000,65509,13700,19047,25,51838,46487,0
800,799000,64857,22903,10447,677,42635,55087,0
801,800000,61110,33064,4035,4424,32472,61499,0
802,801000,54606,43184,443,10928,22351,65091,0
803,802000,45898,52273,22,19636,13262,65512,0
804,803000,35910,59447,2772,29624,6087,62762,0
805,804000,25625,64004,8401,39909,1530,57133,0
806,805000,16049,65493,16494,49485,41,49040,0
807,806000,8116,63793,26181,57418,1742,39353,0
808,807000,2598,59109,36505,62936,6426,29029,0
809,808000,41,51814,46452,65493,13722,19082,0
810,809000,687,42617,55052,64847,22919,10482,0
811,810000,4428,32458,61467,61106,33079,4067,0
812,811000,10928,22336,65066,54606,43202,468,0
813,812000,19635,13242,65492,45899,52296,42,0
814,813000,29626,6062,62746,35908,59477,2788,0
815,814000,39917,1499,57116,25617,64040,8418,0
816,815000,49499,8,49019,16035,65531,16515,0
817,816000,57438,1710,39326,8096,63829,26208,0
818,817000,62956,6399,28995,2578,59140,36539,0
819,818000,65510,13702,19045,24,51837,46490,0
820,819000,64857,22905,10445,677,42633,55089,0
821,820000,61110,33066,4034,4424,32471,61500,0
822,821000,54605,43186,442,10929,22350,65092,0
823,822000,45897,52274,23,19637,13261,65511,0
824,823000,35909,59447,2773,29625,6087,62761,0
825,824000,25623,64003,8403,39911,1531,57131,0
826,825000,16048,65491,16496,49486,43,49038,0
827,826000,8115,63790,26184,57419,1744,39351,0
828,827000,2598,59106,36507,62936,6428,29027,0
829,828000,42,51810,46454,65492,13725,19080,0
830,829000,689,42613,55054,64845,22923,10480,0
831,830000,4431,32454,61468,61103,33083,4066,0
832,831000,10931,22332,65066,54603,43205,468,0
833,832000,19639,13239,65492,45896,52299,43,0
834,833000,29630,6059,62744,35904,59479,2790,0
835,834000,39921,1498,57114,25613,64041,8420,0
836,835000,49503,8,49017,16031,65532,16517,0
837,836000,57440,1710,39323,8094,63829,26211,0
838,837000,62958,6400,28993,2576,59139,36541,0
839,838000,65511,13703,19042,23,51835,46492,0
840,839000,64857,22906,10443,677,42631,55091,0
841,840000,61109,33068,4033,4425,32469,61501,0
842,841000,54604,43187,442,10930,22348,65092,0
843,842000,45895,52275,24,19639,13260,65511,0
844,843000,35907,59448,2775,29627,6087,62759,0
845,844000,25622,64003,8405,39912,1532,57129,0
846,845000,16047,65490,16499,49487,44,49035,0
847,846000,8115,63788,26186,57419,1746,39348,0
848,847000,2599,59103,36510,62935,6431,29024,0
849,848000,43,51807,46456,65491,13729,19078,0
850,849000,692,42609,55055,64842,22927,10479,0
851,850000,4434,32450,61469,61100,33087,4065,0
852,851000,10935,22329,65066,54599,43209,468,0
853,852000,19642,13236,65491,45892,52302,43,0
854,853000,29634,6057,62743,35901,59482,2791,0
855,854000,39925,1497,57112,25609,64043,8422,0
856,855000,49506,7,49014,16028,65532,16520,0
857,856000,57443,1710,39320,8091,63829,26214,0
858,857000,62960,6401,28990,2574,59138,36544,0
859,858000,65512,13704,19040,22,51834,46495,0
860,859000,64858,22908,10441,676,42629,55093,0
861,860000,61109,33069,4032,4425,32467,61502,0
862,861000,54603,43189,442,10931,22347,65092,0
863,862000,45894,52276,24,19640,13259,65510,0
864,863000,35905,59448,2776,29629,6087,62758,0
865,864000,25620,64002,8407,39914,1532,57127,0
866,865000,16046,65488,16501,49488,46,49033,0
867,866000,8115,63786,26189,57419,1748,39345,0
868,867000,2599,59100,36512,62935,6434,29022,0
869,868000,45,51803,46459,65489,13732,19075,0
870,869000,694,42605,55057,64840,22931,10477,0
871,870000,4437,32446,61470,61097,33090,4064,0
872,871000,10938,22325,65066,54596,43212,468,0
873,872000,19646,13233,65490,45888,52305,44,0
874,873000,29637,6055,62741,35897,59484,2793,0
875,874000,39929,1495,57110,25605,64044,8424,0
876,875000,49509,6,49011,16025,65533,16523,0
877,876000,57446,1711,39317,8088,63828,26217,0
878,877000,62962,6402,28987,2572,59137,36547,0
879,878000,65513,13706,19037,21,51832,46497,0
880,879000,64858,22910,10439,676,42628,55095,0
881,880000,61108,33071,4031,4426,32466,61504,0
882,881000,54596,43190,441,10938,22346,65093,0
883,882000,45886,52277,25,19648,13258,65509,0
884,883000,35898,59448,2777,29636,6086,62757,0
885,884000,25613,64002,8409,39921,1533,57125,0
886,885000,16039,65487,16504,49495,47,49031,0
887,886000,8108,63784,26191,57426,1750,39343,0
888,887000,2594,59097,36515,62940,6437,29019,0
889,888000,40,51800,46461,65494,13735,19073,0
890,889000,690,42602,55059,64844,22934,10476,0
891,890000,4434,32443,61471,61100,33094,4063,0
892,891000,10936,22322,65066,54598,43216,468,0
893,892000,19644,13230,65489,45890,52308,45,0
894,893000,29635,6053,62740,35899,59486,2794,0
895,894000,39926,1494,57107,25608,64045,8427,0
896,895000,49507,6,49008,16027,65533,16526,0
897,896000,57442,1711,39314,8092,63828,26220,0
898,897000,62958,6403,28984,2576,59136,36550,0
899,898000,65508,13707,19035,26,51831,46500,0
900,899000,64852,22911,10437,682,42626,55097,0
901,900000,61102,33073,4029,4432,32464,61505,0
902,901000,54595,43192,441,10939,22344,65093,0
903,902000,45885,52278,25,19649,13257,65509,0
904,903000,35896,59448,2779,29638,6086,62755,0
905,904000,25612,64001,8411,39922,1533,57123,0
906,905000,16038,65486,16506,49496,48,49028,0
907,906000,8108,63782,26194,57426,1753,39340,0
908,907000,2594,59095,36517,62940,6440,29017,0
909,908000,41,51796,46463,65493,13739,19071,0
910,909000,692,42598,55060,64842,22938,10474,0
911,910000,4436,32439,61472,61098,33098,4062,0
912,911000,10939,22318,65066,54595,43219,468,0
913,912000,19648,13227,65488,45886,52311,46,0
914,913000,29639,6050,62738,35895,59488,2796,0
915,914000,39930,1492,57105,25604,64047,8429,0
916,915000,49510,5,49006,16024,65534,16528,0
917,916000,57445,1711,39311,8089,63828,26223,0
918,917000,62960,6404,28981,2574,59135,36553,0
919,918000,65509,13709,19032,25,51830,46502,0
920,919000,64852,22913,10435,682,42624,55099,0
921,920000,61101,33075,4028,4433,32462,61506,0
922,921000,54594,43193,441,10941,22343,65093,0
923,922000,45883,52279,26,19651,13256,65508,0
924,923000,35895,59449,2780,29639,6086,62754,0
925,924000,25610,64001,8413,39924,1534,57121,0
926,925000,16037,65484,16508,49497,50,49026,0
927,926000,8108,63779,26196,57426,1755,39338,0
928,927000,2594,59092,36520,62940,6443,29014,0
929,928000,42,51793,46465,65492,13742,19069,0
930,929000,694,42594,55062,64840,22942,10472,0
931,930000,4439,32435,61473,61095,33101,4061,0
932,931000,10942,22315,65066,54592,43222,468,0
933,932000,19652,13224,65487,45882,52314,47,0
934,933000,29643,6048,62736,35891,59491,2798,0
935,934000,39934,1491,57103,25600,64048,8431,0
936,935000,49513,5,49003,16021,65535,16531,0
937,936000,57448,1711,39308,8086,63828,26226,0
938,937000,62962,6404,28979,2572,59134,36556,0
939,938000,65510,13710,19030,24,51828,46504,0
940,939000,64853,22915,10434,681,42623,55101,0
941,940000,61101,33076,4027,4433,32461,61507,0
942,941000,54593,43195,440,10942,22341,65094,0
943,942000,45882,52280,26,19652,13255,65508,0
944,943000,35893,59449,2781,29641,6086,62753,0
945,944000,25609,64000,8415,39925,1534,57119,0
946,945000,16036,65483,16511,49498,51,49024,0
947,946000,8107,63777,26199,57427,1757,39335,0
948,947000,2595,59089,36522,62939,6446,29012,0
949,948000,44,51796,46467,65490,13740,19067,0
950,949000,696,42597,55063,64838,22939,10471,0
951,950000,4442,32437,61473,61092,33099,4061,0
952,951000,10946,22318,65066,54588,43220,468,0
953,952000,19655,13227,65487,45879,52311,48,0
954,953000,29647,6052,62735,35887,59487,2799,0
955,954000,39937,1495,57101,25597,64044,8433,0
956,955000,49517,10,49000,16017,65529,16534,0
957,956000,57450,1717,39305,8084,63822,26229,0
958,957000,62964,6411,28976,2570,59127,36558,0
959,958000,65512,13717,19027,23,51821,46507,0
960,959000,64853,22922,10432,681,42615,55102,0
961,960000,61100,33084,4026,4434,32453,61508,0
962,961000,54591,43202,440,10943,22334,65094,0
963,962000,45881,52287,27,19653,13248,65507,0
964,963000,35892,59455,2782,29642,6079,62752,0
965,964000,25607,64005,8417,39927,1529,57117,0
966,965000,16035,65488,16513,49499,46,49021,0
967,966000,8107,63781,26202,57427,1753,39333,0
968,967000,2595,59092,36525,62939,6443,29009,0
969,968000,45,51792,46469,65489,13743,19065,0
970,969000,698,42593,55065,64836,22943,10469,0
971,970000,4445,32434,61474,61089,33103,4060,0
972,971000,10949,22314,65066,54585,43223,468,0
973,972000,19659,13224,65486,45875,52314,48,0
974,973000,29651,6049,62733,35883,59489,2801,0
975,974000,39941,1494,57098,25593,64045,8436,0
976,975000,49520,9,48998,16014,65530,16536,0
977,976000,57453,1718,39303,8081,63821,26231,0
978,977000,62966,6412,28973,2569,59127,36561,0
979,978000,65513,13719,19025,21,51819,46509,0
980,979000,64853,22924,10430,681,42614,55104,0
981,980000,61100,33085,4025,4434,32451,61509,0
982,981000,54590,43203,440,10944,22333,65094,0
983,982000,45879,52288,27,19655,13247,65507,0
984,983000,35890,59455,2784,29644,6079,62750,0
985,984000,25606,64005,8419,39928,1529,57115,0
986,985000,16034,65486,16515,49500,48,49019,0
987,986000,8107,63779,26204,57428,1755,39330,0
988,987000,2596,59089,36527,62938,6445,29007,0
989,988000,46,51789,46472,65488,13746,19063,0
990,989000,701,42589,55066,64834,22947,10468,0
991,990000,4448,32430,61475,61086,33107,4059,0
992,991000,10953,22311,65066,54581,43227,468,0
993,992000,19663,13221,65485,45871,52317,49,0
994,993000,29655,6047,62732,35879,59491,2802,0
995,994000,39945,1492,57096,25589,64047,8438,0
996,995000,49523,9,48995,16011,65530,16539,0
997,996000,57456,1718,39300,8078,63821,26234,0
998,997000,62967,6413,28970,2567,59126,36564,0
999,998000,65514,13720,19022,20,51818,46512,0
1000,999000,64853,22925,10428,681,42612,55106,0
1001,1000000,61099,33087,4024,4435,32450,61510,0
1002,1001000,54589,43205,439,10945,27663,65095,1
1003,1002000,45878,52289,28,19656,23120,65506,1
1004,1003000,35889,59456,2785,29645,19536,62749,1
1005,1004000,25605,64005,8420,39929,17262,57114,1
1006,1005000,16033,65486,16518,49501,16521,49017,1
1007,1006000,8106,63778,26207,57428,17375,39328,1
1008,1007000,2596,59088,36530,62938,19720,29004,1
1009,1008000,47,51788,46474,65487,23362,19060,1
1010,1009000,703,42588,55068,64831,27962,10466,1
1011,1010000,4451,32429,61476,61084,33042,4058,1
1012,1011000,10956,22310,65066,54578,38102,468,1
1013,1012000,19667,13221,65484,45868,42647,50,1
1014,1013000,29658,6047,62730,35876,46234,2804,1
1015,1014000,39948,1492,57094,25586,48511,8440,1
1016,1015000,49526,9,48993,16008,49253,16541,1
1017,1016000,57458,1719,39297,8076,48398,26237,1
1018,1017000,62969,6414,28968,2565,46050,36567,1
1019,1018000,65515,13722,19020,19,42390,46514,1
1020,1019000,64853,22927,10426,681,37787,55108,1
1021,1020000,61099,33089,4023,4435,32706,61512,1
1022,1021000,54588,43206,439,10946,27647,65095,1
1023,1022000,45876,52290,28,19658,23105,65506,1
1024,1023000,35887,59456,2786,29647,19521,62748,1
1025,1024000,25603,64005,8422,39931,17247,57112,1
1026,1025000,16032,65485,16520,49502,16507,49014,1
1027,1026000,8106,63776,26209,57428,17361,39325,1
1028,1027000,2596,59085,36532,62938,19707,29002,1
1029,1028000,49,51785,46476,65485,23351,19058,1
1030,1029000,705,42584,55070,64829,27952,10465,1
1031,1030000,4453,32425,61477,61081,33032,4057,1
1032,1031000,10959,22306,65066,54575,38092,468,1
1033,1032000,19670,13218,65483,45864,42636,51,1
1034,1033000,29662,6045,62729,35872,46223,2806,1
1035,1034000,39952,1491,57092,25582,48500,8442,1
1036,1035000,49530,9,48990,16005,49241,16544,1
1037,1036000,57461,1719,39294,8073,48386,26240,1
1038,1037000,62971,6415,28965,2563,46038,36569,1
1039,1038000,65516,13723,19018,18,42381,46516,1
1040,1039000,64854,22929,10424,680,37778,55110,1
1041,1040000,61098,33090,4021,4436,32696,61513,1
1042,1041000,54587,43208,439,10947,27637,65095,1
1043,1042000,45875,52291,29,19659,23095,65505,1
1044,1043000,35886,59457,2787,29648,19512,62747,1
1045,1044000,25602,64004,8424,39932,17238,57110,1
1046,1045000,16032,65483,16522,49503,16499,49012,1
1047,1046000,8105,63774,26212,57429,17353,39323,1
1048,1047000,2597,59083,36535,62937,19699,28999,1
1049,1048000,50,51781,46478,65484,23347,19056,1
1050,1049000,707,42581,55071,64827,27948,10463,1
1051,1050000,4456,32422,61478,61078,33028,4056,1
1052,1051000,10963,22303,65066,54572,38088,468,1
1053,1052000,19674,13215,65483,45860,42632,52,1
1054,1053000,29666,6043,62727,35868,46218,2807,1
1055,1054000,39956,1490,57090,25579,48495,8444,1
1056,1055000,49533,8,48987,16001,49236,16547,1
1057,1056000,57463,1719,39292,8071,48380,26243,1
1058,1057000,62973,6416,28962,2561,46032,36572,1
1059,1058000,65517,13724,19015,17,42377,46519,1
1060,1059000,64854,22930,10423,680,37774,55111,1
1061,1060000,61098,33092,4020,4436,32693,61514,1
1062,1061000,54586,43209,439,10948,27634,65095,1
1063,1062000,45874,52292,29,19660,23092,65505,1
1064,1063000,35884,59457,2789,29650,19509,62745,1
1065,1064000,25601,64004,8426,39933,17236,57108,1
1066,1065000,16031,65482,16524,49503,16496,49010,1
1067,1066000,8105,63772,26214,57429,17351,39320,1
1068,1067000,2597,59080,36537,62937,19698,28997,1
1069,1068000,51,51778,46480,65483,23349,19054,1
1070,1069000,709,42577,55073,64825,27949,10461,1
1071,1070000,4459,32418,61479,61075,33029,4055,1
1072,1071000,10966,22300,65066,54568,38089,468,1
1073,1072000,19677,13212,65482,45857,42633,52,1
1074,1073000,29670,6040,62725,35864,46219,2809,1
1075,1074000,39959,1488,57088,25575,48496,8446,1
1076,1075000,49536,8,48985,15998,49236,16549,1
1077,1076000,57466,1719,39289,8068,48380,26245,1
1078,1077000,62975,6417,28960,2559,46031,36574,1
1079,1078000,65518,13726,19013,16,42377,46521,1
1080,1079000,64854,22932,10421,680,37773,55113,1
1081,1080000,61097,33093,4019,4437,32692,61515,1
1082,1081000,54585,43210,438,10949,27633,65096,1
1083,1082000,45872,52293,30,19662,23092,65504,1
1084,1083000,35883,59457,2790,29651,19509,62744,1
1085,1084000,25599,64003,8428,39935,17236,57106,1
1086,1085000,16030,65481,16527,49504,16497,49007,1
1087,1086000,8105,63770,26216,57429,17352,39318,1
1088,1087000,2598,59077,36539,62937,19699,28995,1
1089,1088000,52,51775,46482,65482,23347,19052,1
1090,1089000,711,42574,55074,64824,27948,10460,1
1091,1090000,4461,32415,61479,61073,33028,4055,1
1092,1091000,10969,22296,65067,54565,38088,468,1
1093,1092000,19681,13209,65481,45853,42632,53,1
1094,1093000,29673,6038,62724,35861,46218,2810,1
1095,1094000,39963,1487,57085,25571,48493,8449,1
1096,1095000,49539,7,48982,15995,49233,16552,1
1097,1096000,57468,1720,39286,8066,48377,26248,1
1098,1097000,62976,6418,28957,2558,46028,36577,1
1099,1098000,65519,13727,19011,15,42373,46523,1
1100,1099000,64854,22933,10419,680,37769,55115,1
1101,1100000,61097,33095,4018,4437,32688,61516,1
1102,1101000,54578,43212,438,10956,27629,65096,1
1103,1102000,45865,52293,30,19669,23088,65504,1
1104,1103000,35876,59457,2791,29659,19506,62743,1
1105,1104000,25592,64003,8430,39942,17233,57104,1
1106,1105000,16023,65480,16529,49511,16495,49005,1
1107,1106000,8099,63768,26219,57436,17350,39315,1
1108,1107000,2592,59075,36542,62942,19697,28992,1
1109,1108000,47,51772,46484,65487,23349,19050,1
1110,1109000,707,42571,55076,64827,27950,10458,1
1111,1110000,4458,32411,61480,61076,33030,4054,1
1112,1111000,10966,22293,65067,54568,38089,467,1
1113,1112000,19679,13206,65480,45855,42633,54,1
1114,1113000,29671,6036,62723,35863,46219,2812,1
1115,1114000,39960,1486,57083,25574,48494,8451,1
1116,1115000,49536,7,48980,15998,49234,16554,1
1117,1116000,57465,1720,39283,8069,48377,26251,1
1118,1117000,62972,6419,28954,2562,46027,36580,1
1119,1118000,65514,13728,19009,20,42372,46526,1
1120,1119000,64849,22935,10417,686,37769,55117,1
1121,1120000,61090,33097,4017,4444,32687,61517,1
1122,1121000,54577,43213,438,10957,27629,65096,1
1123,1122000,45864,52294,31,19670,23088,65503,1
1124,1123000,35874,59458,2792,29660,19506,62742,1
1125,1124000,25591,64002,8431,39943,17233,57103,1
1126,1125000,16022,65478,16531,49512,16495,49003,1
1127,1126000,8098,63766,26221,57436,17351,39313,1
1128,1127000,2592,59072,36544,62942,19699,28990,1
1129,1128000,49,51769,46486,65485,23351,19048,1
1130,1129000,709,42567,55077,64826,27952,10457,1
1131,1130000,4461,32408,61481,61073,33032,4053,1
1132,1131000,10970,22290,65067,54565,38091,467,1
1133,1132000,19682,13204,65480,45852,42635,55,1
1134,1133000,29675,6034,62721,35859,46220,2813,1
1135,1134000,39964,1484,57081,25570,48495,8453,1
1136,1135000,49539,6,48977,15995,49234,16557,1
1137,1136000,57467,1720,39281,8067,48377,26253,1
1138,1137000,62974,6419,28952,2560,46027,36582,1
1139,1138000,65515,13729,19006,19,42372,46528,1
1140,1139000,64849,22937,10416,685,37768,55119,1
1141,1140000,61090,33098,4016,4444,32687,61518,1
1142,1141000,54576,43214,437,10958,27628,65097,1
1143,1142000,45862,52295,31,19672,23087,65503,1
1144,1143000,35873,59458,2794,29661,19506,62740,1
1145,1144000,25590,64002,8433,39944,17234,57101,1
1146,1145000,16021,65477,16533,49513,16496,49001,1
1147,1146000,8098,63764,26224,57436,17352,39310,1
1148,1147000,2593,59069,36547,62941,19700,28988,1
1149,1148000,50,51765,46488,65484,23352,19046,1
1150,1149000,710,42564,55079,64824,27953,10455,1
1151,1150000,4463,32404,61482,61071,33033,4052,1
1152,1151000,10973,22287,65067,54561,38093,467,1
1153,1152000,19686,13201,65479,45848,42636,55,1
1154,1153000,29678,6032,62720,35856,46221,2814,1
1155,1154000,39967,1483,57079,25567,48495,8455,1
1156,1155000,49542,5,48975,15992,49234,16559,1
1157,1156000,57470,1720,39278,8064,48377,26256,1
1158,1157000,62976,6420,28949,2558,46027,36585,1
1159,1158000,65516,13731,19004,18,42371,46530,1
1160,1159000,64849,22938,10414,685,37767,55120,1
1161,1160000,61089,33100,4015,4445,32686,61519,1
1162,1161000,54575,43216,437,10959,27627,65097,1
1163,1162000,45861,52296,32,19673,23087,65502,1
1164,1163000,35871,59458,2795,29663,19505,62739,1
1165,1164000,25588,64001,8435,39946,17234,57099,1
1166,1165000,16020,65476,16535,49514,16496,48999,1
1167,1166000,8097,63762,26226,57437,17353,39308,1
1168,1167000,2593,59067,36549,62941,19701,28985,1
1169,1168000,51,51762,46490,65483,23354,19044,1
1170,1169000,712,42560,55080,64822,27955,10454,1
1171,1170000,4466,32401,61483,61068,33035,4051,1
1172,1171000,10976,22284,65067,54558,38094,467,1
1173,1172000,19689,13198,65478,45845,42637,56,1
1174,1173000,29682,6030,62718,35852,46222,2816,1
1175,1174000,39971,1481,57077,25563,48496,8457,1
1176,1175000,49545,5,48972,15989,49234,16562,1
1177,1176000,57472,1720,39276,8062,48377,26259,1
1178,1177000,62978,6421,28947,2556,46026,36587,1
1179,1178000,65517,13732,19002,17,42370,46532,1
1180,1179000,64849,22940,10412,685,37766,55122,1
1181,1180000,61089,33101,4014,4445,32685,61520,1
1182,1181000,54574,43217,437,10960,27627,65097,1
1183,1182000,45860,52297,32,19674,23086,65502,1
1184,1183000,35870,59458,2796,29664,19505,62738,1
1185,1184000,25587,64001,8437,39947,17234,57097,1
1186,1185000,16019,65474,16538,49515,16497,48996,1
1187,1186000,8097,63760,26228,57437,17354,39306,1
1188,1187000,2593,59064,36551,62941,19703,28983,1
1189,1188000,52,51759,46492,65482,23355,19042,1
1190,1189000,714,42557,55082,64820,27957,10452,1
1191,1190000,4469,32398,61484,61065,33037,4050,1
1192,1191000,10979,22280,65067,54555,38096,467,1
1193,1192000,19693,13195,65477,45841,42639,57,1
1194,1193000,29686,6028,62717,35849,46223,2817,1
1195,1194000,39974,1480,57075,25560,48497,8459,1
1196,1195000,49548,4,48970,15986,49235,16564,1
1197,1196000,57475,1721,39273,8059,48377,26261,1
1198,1197000,62979,6422,28944,2555,46026,36590,1
1199,1198000,65518,13733,19000,16,42370,46535,1
1200,1199000,64849,22941,10410,685,37765,55124,1
1201,1200000,61088,33103,4013,4446,32684,61521,1
1202,1201000,54573,43218,437,10961,27626,65098,1
1203,1202000,45858,52298,33,19676,23086,65501,1
1204,1203000,35868,59459,2797,29666,19505,62737,1
1205,1204000,25586,64000,8439,39948,17234,57095,1
1206,1205000,16018,65473,16540,49516,16498,48994,1
1207,1206000,8097,63758,26231,57437,17355,39303,1
1208,1207000,2594,59061,36553,62940,19704,28981,1
1209,1208000,53,51756,46494,65481,23357,19040,1
1210,1209000,716,42554,55083,64818,27958,10451,1
1211,1210000,4471,32394,61485,61063,33039,4049,1
1212,1211000,10982,22277,65067,54552,38097,467,1
1213,1212000,19696,13193,65477,45838,42640,57,1
1214,1213000,29689,6026,62715,35845,46224,2819,1
1215,1214000,39977,1479,57070,25557,48497,8464,1
1216,1215000,49551,4,48962,15983,49235,16572,1
1217,1216000,57477,1721,39264,8057,48376,26270,1
1218,1217000,62981,6423,28936,2553,46025,36598,1
1219,1218000,65519,13735,18991,16,42369,46543,1
1220,1219000,64849,22943,10403,685,37765,55131,1
1221,1220000,61088,33104,4006,4446,32683,61528,1
1222,1221000,54572,43220,430,10962,27625,65104,1
1223,1222000,45857,52299,27,19677,23086,65507,1
1224,1223000,35867,59459,2792,29667,19505,62742,1
1225,1224000,25585,64000,8437,39950,17234,57097,1
1226,1225000,16017,65472,16542,49517,16498,48992,1
1227,1226000,8096,63756,26233,57438,17356,39301,1
1228,1227000,2594,59059,36556,62940,19705,28978,1
1229,1228000,54,51759,46496,65480,23358,19038,1
1230,1229000,718,42556,55085,64816,27960,10449,1
1231,1230000,4474,32397,61485,61060,33040,4049,1
1232,1231000,10985,22280,65067,54549,38099,467,1
1233,1232000,19700,13196,65476,45835,42641,58,1
1234,1233000,29693,6029,62714,35841,46225,2820,1
1235,1234000,39981,1483,57068,25553,48498,8466,1
1236,1235000,49554,9,48959,15980,49235,16575,1
1237,1236000,57480,1727,39262,8054,48376,26272,1
1238,1237000,62983,6429,28933,2551,46025,36601,1
1239,1238000,65519,13742,18989,15,42368,46545,1
1240,1239000,64850,22950,10401,684,37764,55133,1
1241,1240000,61088,33112,4005,4447,32683,61529,1
1242,1241000,54571,43227,430,10963,27625,65104,1
1243,1242000,45856,52305,28,19678,23085,65506,1
1244,1243000,35866,59465,2794,29668,19505,62740,1
1245,1244000,25583,64005,8439,39951,17235,57095,1
1246,1245000,16016,65477,16544,49518,16499,48990,1
1247,1246000,8096,63760,26236,57438,17357,39299,1
1248,1247000,2594,59062,36558,62940,19706,28976,1
1249,1248000,55,51756,46498,65479,23360,19036,1
1250,1249000,720,42553,55086,64814,27962,10448,1
1251,1250000,4476,32393,61486,61058,33042,4048,1
1252,1251000,10988,22277,65067,54546,38101,467,1
1253,1252000,19703,13193,65475,45831,42643,59,1
1254,1253000,29696,6027,62712,35838,46226,2822,1
1255,1254000,39984,1482,57066,25550,48499,8468,1
1256,1255000,49557,9,48957,15977,49236,16577,1
1257,1256000,57482,1727,39259,8052,48376,26275,1
1258,1257000,62985,6430,28931,2549,46025,36603,1
1259,1258000,65520,13743,18987,14,42368,46547,1
1260,1259000,64850,22952,10399,684,37763,55135,1
1261,1260000,61087,33113,4004,4447,32682,61530,1
1262,1261000,54570,43228,430,10964,27624,65104,1
1263,1262000,45855,52306,28,19680,23085,65506,1
1264,1263000,35864,59465,2795,29670,19505,62739,1
1265,1264000,25582,64005,8441,39952,17235,57093,1
1266,1265000,16016,65475,16546,49519,16500,48988,1
1267,1266000,8096,63758,26238,57438,17358,39296,1
1268,1267000,2595,59060,36560,62939,19708,28974,1
1269,1268000,57,51753,46500,65478,23361,19034,1
1270,1269000,722,42550,55088,64812,27963,10446,1
1271,1270000,4479,32390,61487,61055,33044,4047,1
1272,1271000,10991,22274,65067,54543,38102,467,1
1273,1272000,19706,13191,65475,45828,42644,59,1
1274,1273000,29700,6025,62711,35834,46227,2823,1
1275,1274000,39988,1481,57064,25547,48499,8470,1
1276,1275000,49560,8,48955,15974,49236,16580,1
1277,1276000,57485,1727,39257,8049,48376,26277,1
1278,1277000,62986,6431,28928,2548,46024,36606,1
1279,1278000,65521,13744,18985,13,42367,46549,1
1280,1279000,64850,22953,10398,684,37762,55136,1
1281,1280000,61087,33115,4003,4447,32681,61531,1
1282,1281000,54569,43229,429,10965,27624,65105,1
1283,1282000,45853,52307,29,19681,23084,65505,1
1284,1283000,35863,59466,2796,29671,19505,62738,1
1285,1284000,25581,64004,8442,39953,17235,57092,1
1286,1285000,16015,65474,16549,49519,16500,48986,1
1287,1286000,8095,63756,26240,57439,17359,39294,1
1288,1287000,2595,59057,36563,62939,19709,28971,1
1289,1288000,58,51750,46502,65476,23363,19032,1
1290,1289000,724,42546,55089,64810,27965,10445,1
1291,1290000,4481,32387,61488,61053,33045,4046,1
1292,1291000,10994,22271,65067,54540,38104,467,1
1293,1292000,19710,13188,65474,45824,42645,60,1
1294,1293000,29703,6023,62710,35831,46228,2824,1
1295,1294000,39991,1479,57063,25543,48500,8472,1
1296,1295000,49563,7,48952,15971,49236,16582,1
1297,1296000,57487,1727,39254,8047,48376,26280,1
1298,1297000,62988,6432,28926,2546,46024,36608,1
1299,1298000,65522,13745,18983,12,42367,46551,1
1300,1299000,64850,22955,10396,684,37762,55138,1
1301,1300000,61086,33116,4002,4448,32680,61532,1
1302,1301000,54568,43231,429,10966,27623,65105,1
1303,1302000,45852,52308,29,19682,23084,65505,1
1304,1303000,35861,59466,2797,29673,19505,62737,1
1305,1304000,25580,64004,8444,39955,17235,57090,1
1306,1305000,16014,65473,16551,49520,16501,48983,1
1307,1306000,8095,63754,26243,57439,17360,39292,1
1308,1307000,2595,59054,36565,62939,19710,28969,1
1309,1308000,59,51747,46504,65475,23364,19030,1
1310,1309000,726,42543,55091,64809,27967,10443,1
1311,1310000,4484,32384,61489,61050,33047,4045,1
1312,1311000,10997,22268,65067,54537,38105,467,1
1313,1312000,19713,13185,65473,45821,42647,61,1
1314,1313000,29707,6021,62708,35828,46229,2826,1
1315,1314000,39994,1478,57061,25540,48501,8473,1
1316,1315000,49566,7,48950,15968,49236,16584,1
1317,1316000,57489,1727,39252,8045,48376,26282,1
1318,1317000,62990,6432,28923,2544,46023,36611,1
1319,1318000,65523,13747,18981,11,42366,46554,1
1320,1319000,64850,22956,10394,684,37761,55140,1
1321,1320000,61086,33118,4001,4448,32680,61533,1
1322,1321000,54567,43232,429,10967,27622,65105,1
1323,1322000,45851,52309,30,19683,23083,65505,1
1324,1323000,35860,59466,2798,29674,19504,62736,1
1325,1324000,25578,64003,8446,39956,17236,57088,1
1326,1325000,16013,65472,16553,49521,16501,48981,1
1327,1326000,8095,63752,26245,57439,17361,39289,1
1328,1327000,2596,59052,36567,62938,19712,28967,1
1329,1328000,60,51744,46506,65474,23366,19028,1
1330,1329000,727,42540,55092,64807,27968,10442,1
1331,1330000,4486,32380,61490,61048,33048,4044,1
1332,1331000,11000,22265,65067,54534,38107,467,1
1333,1332000,19716,13183,65473,45818,42648,62,1
1334,1333000,29710,6019,62707,35824,46230,2827,1
1335,1334000,39997,1477,57059,25537,48501,8475,1
1336,1335000,49569,6,48948,15965,49237,16587,1
1337,1336000,57492,1728,39249,8042,48376,26285,1
1338,1337000,62991,6433,28921,2543,46023,36613,1
1339,1338000,65524,13748,18978,10,42365,46556,1
1340,1339000,64851,22957,10393,684,37760,55141,1
1341,1340000,61085,33119,4000,4449,32679,61534,1
1342,1341000,54561,43233,429,10973,27622,65105,1
1343,1342000,45843,52310,30,19691,23083,65504,1
1344,1343000,35853,59466,2799,29681,19504,62735,1
1345,1344000,25571,64003,8448,39963,17236,57087,1
1346,1345000,16006,65471,16555,49528,16502,48979,1
1347,1346000,8088,63750,26247,57446,17362,39287,1
1348,1347000,2590,59049,36569,62944,19713,28965,1
1349,1348000,55,51741,46508,65479,23367,19026,1
1350,1349000,723,42536,55094,64811,27970,10440,1
1351,1350000,4483,32377,61490,61051,33050,4044,1
1352,1351000,10998,22261,65068,54537,38108,467,1
1353,1352000,19714,13180,65472,45820,42649,62,1
1354,1353000,29707,6017,62706,35827,46231,2828,1
1355,1354000,39995,1475,57057,25539,48502,8477,1
1356,1355000,49566,6,48945,15968,49237,16589,1
1357,1356000,57488,1728,39247,8046,48376,26287,1
1358,1357000,62987,6434,28918,2547,46023,36616,1
1359,1358000,65519,13749,18976,15,42365,46558,1
1360,1359000,64845,22959,10391,689,37760,55143,1
1361,1360000,61079,33121,3999,4455,32678,61535,1
1362,1361000,54560,43234,428,10974,27621,65106,1
1363,1362000,45842,52310,30,19692,23083,65504,1
1364,1363000,35851,59467,2801,29683,19504,62734,1
1365,1364000,25570,64003,8449,39964,17236,57085,1
1366,1365000,16005,65469,16557,49529,16503,48977,1
1367,1366000,8088,63749,26249,57446,17363,39285,1
1368,1367000,2591,59047,36572,62944,19714,28962,1
1369,1368000,56,51738,46510,65478,23366,19024,1
1370,1369000,725,42533,55095,64809,27969,10439,1
1371,1370000,4485,32374,61491,61049,33049,4043,1
1372,1371000,11001,22258,65068,54534,38107,466,1
1373,1372000,19717,13177,65471,45817,42648,63,1
1374,1373000,29711,6015,62704,35823,46229,2830,1
1375,1374000,39998,1474,57055,25536,48500,8479,1
1376,1375000,49569,5,48943,15965,49234,16591,1
1377,1376000,57491,1728,39244,8043,48373,26290,1
1378,1377000,62989,6435,28916,2545,46019,36618,1
1379,1378000,65520,13750,18974,14,42361,46560,1
1380,1379000,64845,22960,10390,689,37756,55144,1
1381,1380000,61078,33122,3998,4456,32675,61536,1
1382,1381000,54559,43236,428,10975,27617,65106,1
1383,1382000,45841,52311,31,19693,23079,65503,1
1384,1383000,35850,59467,2802,29684,19501,62732,1
1385,1384000,25569,64002,8451,39965,17233,57083,1
1386,1385000,16004,65468,16559,49530,16500,48975,1
1387,1386000,8088,63747,26252,57446,17361,39283,1
1388,1387000,2591,59045,36574,62943,19712,28960,1
1389,1388000,57,51735,46512,65477,23367,19022,1
1390,1389000,727,42530,55097,64807,27970,10437,1
1391,1390000,4488,32370,61492,61046,33050,4042,1
1392,1391000,11003,22255,65068,54531,38108,466,1
1393,1392000,19720,13175,65471,45814,42649,63,1
1394,1393000,29714,6013,62703,35820,46230,2831,1
1395,1394000,40001,1473,57053,25533,48500,8481,1
1396,1395000,49572,5,48941,15962,49235,16593,1
1397,1396000,57493,1728,39242,8041,48373,26292,1
1398,1397000,62991,6435,28914,2543,46019,36620,1
1399,1398000,65521,13751,18972,13,42361,46562,1
1400,1399000,64845,22962,10388,689,37755,55146,1
1401,1400000,61078,33124,3997,4456,32674,61537,1
1402,1401000,54558,43237,428,10976,27617,65106,1
1403,1402000,45840,52312,31,19694,23079,65503,1
1404,1403000,35849,59467,2803,29685,19501,62731,1
1405,1404000,25568,64001,8453,39966,17234,57081,1
1406,1405000,16003,65467,16561,49531,16501,48973,1
1407,1406000,8087,63745,26254,57447,17362,39280,1
1408,1407000,2591,59042,36576,62943,19713,28958,1
1409,1408000,58,51732,46514,65476,23369,19020,1
1410,1409000,729,42527,55098,64805,27972,10436,1
1411,1410000,4490,32367,61493,61044,33052,4041,1
1412,1411000,11006,22252,65068,54528,38110,466,1
1413,1412000,19724,13172,65470,45810,42650,64,1
1414,1413000,29718,6011,62702,35817,46231,2832,1
1415,1414000,40004,1472,57051,25530,48501,8483,1
1416,1415000,49575,4,48938,15959,49235,16596,1
1417,1416000,57496,1728,39240,8039,48373,26294,1
1418,1417000,62992,6436,28912,2542,46019,36623,1
1419,1418000,65522,13753,18970,12,42360,46564,1
1420,1419000,64845,22963,10386,689,37754,55148,1
1421,1420000,61078,33125,3996,4457,32673,61538,1
1422,1421000,54557,43238,428,10977,27616,65106,1
1423,1422000,45839,52313,32,19696,23078,65502,1
1424,1423000,35848,59467,2804,29687,19501,62730,1
1425,1424000,25566,64001,8454,39968,17234,57080,1
1426,1425000,16003,65466,16563,49531,16501,48971,1
1427,1426000,8087,63744,26256,57448,17362,39278,1
1428,1427000,2591,59040,36578,62943,19714,28956,1
1429,1428000,59,51729,46516,65475,23370,19018,1
1430,1429000,730,42524,55100,64804,27973,10434,1
1431,1430000,4493,32364,61494,61041,33054,4040,1
1432,1431000,11009,22249,65068,54525,38111,466,1
1433,1432000,19727,13170,65469,45807,42652,65,1
1434,1433000,29721,6009,62700,35813,46232,2834,1
1435,1434000,40008,1471,57049,25527,48502,8485,1
1436,1435000,49578,4,48936,15956,49235,16598,1
1437,1436000,57498,1728,39237,8036,48373,26297,1
1438,1437000,62994,6436,28909,2540,46018,36625,1
1439,1438000,65523,13754,18968,11,42360,46566,1
1440,1439000,64846,22965,10385,688,37754,55149,1
1441,1440000,61077,33127,3995,4457,32672,61539,1
1442,1441000,54556,43239,427,10978,27616,65107,1
1443,1442000,45837,52314,32,19697,23078,65502,1
1444,1443000,35846,59468,2805,29688,19501,62729,1
1445,1444000,25565,64000,8456,39969,17234,57078,1
1446,1445000,16002,65465,16565,49532,16502,48969,1
1447,1446000,8086,63742,26258,57448,17363,39276,1
1448,1447000,2591,59038,36580,62943,19716,28954,1
1449,1448000,60,51726,46518,65474,23372,19016,1
1450,1449000,732,42520,55101,64802,27975,10433,1
1451,1450000,4495,32361,61495,61039,33055,4039,1
1452,1451000,11012,22246,65068,54522,38113,466,1
1453,1452000,19730,13167,65469,45804,42653,65,1
1454,1453000,29724,6007,62699,35810,46233,2835,1
1455,1454000,40011,1469,57047,25523,48502,8487,1
1456,1455000,49580,3,48934,15954,49235,16600,1
1457,1456000,57500,1728,39235,8034,48373,26299,1
1458,1457000,62996,6437,28907,2538,46018,36627,1
1459,1458000,65524,13755,18966,10,42359,46568,1
1460,1459000,64846,22966,10383,688,37753,55151,1
1461,1460000,61077,33128,3994,4457,32672,61540,1
1462,1461000,54555,43240,427,10979,27615,65107,1
1463,1462000,45836,52315,33,19698,23078,65501,1
1464,1463000,35845,59468,2806,29689,19501,62728,1
1465,1464000,25564,64000,8458,39970,17234,57076,1
1466,1465000,16001,65464,16567,49533,16503,48967,1
1467,1466000,8086,63740,26260,57448,17364,39274,1
1468,1467000,2592,59035,36582,62942,19717,28952,1
1469,1468000,61,51724,46520,65473,23373,19014,1
1470,1469000,734,42517,55103,64800,27977,10431,1
1471,1470000,4497,32358,61496,61037,33057,4038,1
1472,1471000,11015,22243,65068,54519,38114,466,1
1473,1472000,19733,13165,65468,45801,42654,66,1
1474,1473000,29727,6005,62698,35807,46234,2836,1
1475,1474000,40014,1468,57045,25520,48503,8489,1
1476,1475000,49583,2,48932,15951,49236,16602,1
1477,1476000,57502,1728,39233,8032,48373,26302,1
1478,1477000,62997,6438,28905,2537,46018,36629,1
1479,1478000,65525,13756,18964,9,42358,46570,1
1480,1479000,64846,22967,10382,688,37752,55152,1
1481,1480000,61076,33129,3993,4458,32671,61541,1
1482,1481000,54554,43242,427,10980,27614,65107,1
1483,1482000,45835,52315,33,19699,23077,65501,1
1484,1483000,35844,59468,2807,29690,19501,62727,1
1485,1484000,25563,64000,8459,39971,17235,57075,1
1486,1485000,16000,65462,16569,49534,16503,48965,1
1487,1486000,8085,63739,26262,57449,17365,39272,1
1488,1487000,2592,59033,36584,62942,19718,28950,1
1489,1488000,62,51721,46522,65472,23375,19013,1
1490,1489000,736,42514,55104,64798,27978,10430,1
1491,1490000,4500,32355,61496,61034,33058,4038,1
1492,1491000,11018,22241,65068,54516,38116,466,1
1493,1492000,19736,13162,65468,45798,42655,66,1
1494,1493000,29731,6003,62697,35804,46235,2837,1
1495,1494000,40017,1467,57044,25517,48503,8490,1
1496,1495000,49586,2,48930,15948,49236,16605,1
1497,1496000,57505,1728,39230,8029,48373,26304,1
1498,1497000,62999,6438,28902,2535,46017,36632,1
1499,1498000,65526,13757,18962,8,42358,46572,1
1500,1499000,64846,22969,10380,688,37752,55154,1
1501,1500000,61076,33131,3992,4458,32670,61542,1
1502,1501000,54553,43243,427,10981,27614,65108,1
1503,1502000,45834,52316,34,19700,23077,65500,1
1504,1503000,35842,59468,2808,29692,19500,62726,1
1505,1504000,25562,63999,8461,39972,17235,57073,1
1506,1505000,15999,65461,16571,49535,16504,48963,1
1507,1506000,8085,63737,26264,57449,17366,39270,1
1508,1507000,2592,59031,36587,62942,19719,28948,1
1509,1508000,63,51724,46523,65471,23376,19011,1
1510,1509000,737,42517,55105,64797,27980,10429,1
1511,1510000,4502,32357,61497,61032,33060,4037,1
1512,1511000,11021,22244,65069,54514,38117,466,1
1513,1512000,19739,13165,65467,45795,42657,67,1
1514,1513000,29734,6007,62695,35800,46236,2839,1
1515,1514000,40020,1471,57042,25514,48504,8492,1
1516,1515000,49589,7,48927,15945,49236,16607,1
1517,1516000,57507,1734,39228,8027,48373,26306,1
1518,1517000,63000,6445,28900,2534,46017,36634,1
1519,1518000,65527,13764,18960,8,42357,46574,1
1520,1519000,64846,22976,10379,688,37751,55155,1
1521,1520000,61076,33138,3991,4458,32670,61543,1
1522,1521000,54553,43250,426,10981,27613,65108,1
1523,1522000,45833,52323,34,19701,23076,65500,1
1524,1523000,35841,59474,2809,29693,19500,62725,1
1525,1524000,25561,64005,8463,39973,17235,57072,1
1526,1525000,15998,65466,16573,49536,16504,48961,1
1527,1526000,8085,63741,26267,57449,17367,39267,1
1528,1527000,2593,59034,36589,62941,19720,28945,1
1529,1528000,64,51721,46525,65470,23377,19009,1
1530,1529000,739,42514,55107,64795,27981,10427,1
1531,1530000,4504,32354,61498,61030,33061,4036,1
1532,1531000,11023,22241,65069,54511,38119,465,1
1533,1532000,19743,13163,65466,45792,42658,68,1
1534,1533000,29737,6005,62694,35797,46237,2840,1
1535,1534000,40023,1470,57040,25511,48505,8494,1
1536,1535000,49591,7,48925,15943,49236,16609,1
1537,1536000,57509,1734,39226,8025,48373,26308,1
1538,1537000,63002,6445,28898,2532,46017,36636,1
1539,1538000,65527,13765,18958,7,42357,46576,1
1540,1539000,64847,22977,10377,687,37750,55157,1
1541,1540000,61075,33139,3990,4459,32669,61544,1
1542,1541000,54552,43251,426,10982,27613,65108,1
1543,1542000,45832,52324,34,19703,23076,65500,1
1544,1543000,35840,59475,2810,29694,19500,62724,1
1545,1544000,25560,64004,8464,39974,17235,57070,1
1546,1545000,15998,65465,16575,49536,16505,48959,1
1547,1546000,8085,63739,26269,57449,17368,39265,1
1548,1547000,2593,59032,36591,62941,19722,28943,1
1549,1548000,65,51718,46527,65469,23379,19007,1
1550,1549000,741,42511,55108,64793,27983,10426,1
1551,1550000,4507,32351,61499,61027,33063,4035,1
1552,1551000,11026,22238,65069,54508,38120,465,1
1553,1552000,19746,13161,65466,45789,42659,68,1
1554,1553000,29740,6003,62693,35794,46238,2841,1
1555,1554000,40026,1469,57039,25508,48505,8496,1
1556,1555000,49594,6,48923,15940,49237,16611,1
1557,1556000,57511,1734,39224,8023,48373,26310,1
1558,1557000,63004,6446,28896,2530,46017,36638,1
1559,1558000,65528,13766,18956,6,42356,46578,1
1560,1559000,64847,22978,10376,687,37750,55158,1
1561,1560000,61075,33140,3989,4459,32668,61545,1
1562,1561000,54551,43252,426,10983,27612,65108,1
1563,1562000,45830,52324,35,19704,23076,65499,1
1564,1563000,35839,59475,2811,29695,19500,62723,1
1565,1564000,25559,64004,8466,39976,17236,57068,1
1566,1565000,15997,65464,16577,49537,16505,48957,1
1567,1566000,8084,63737,26271,57450,17369,39263,1
1568,1567000,2593,59029,36593,62941,19723,28941,1
1569,1568000,66,51716,46529,65468,23380,19005,1
1570,1569000,742,42508,55110,64792,27984,10425,1
1571,1570000,4509,32348,61499,61025,33064,4035,1
1572,1571000,11029,22235,65069,54505,38121,465,1
1573,1572000,19749,13158,65465,45786,42660,69,1
1574,1573000,29743,6002,62692,35791,46239,2842,1
1575,1574000,40029,1468,57037,25505,48506,8497,1
1576,1575000,49597,6,48921,15937,49237,16613,1
1577,1576000,57513,1734,39221,8021,48373,26313,1
1578,1577000,63005,6447,28894,2529,46016,36640,1
1579,1578000,65529,13767,18954,5,42356,46580,1
1580,1579000,64847,22980,10374,687,37749,55160,1
1581,1580000,61075,33142,3989,4460,32668,61546,1
1582,1581000,54550,43253,426,10984,27612,65108,1
1583,1582000,45829,52325,35,19705,23075,65499,1
1584,1583000,35838,59475,2812,29696,19500,62722,1
1585,1584000,25558,64003,8467,39977,17236,57067,1
1586,1585000,15996,65463,16579,49538,16506,48955,1
1587,1586000,8084,63735,26273,57450,17370,39261,1
1588,1587000,2594,59027,36595,62940,19724,28939,1
1589,1588000,67,51713,46531,65467,23381,19004,1
1590,1589000,744,42505,55111,64790,27986,10423,1
1591,1590000,4511,32345,61500,61023,33066,4034,1
1592,1591000,11031,22232,65069,54503,38123,465,1
1593,1592000,19752,13156,65465,45783,42661,69,1
1594,1593000,29746,6000,62691,35788,46240,2843,1
1595,1594000,40032,1466,57035,25502,48507,8499,1
1596,1595000,49599,5,48919,15935,49237,16615,1
1597,1596000,57515,1734,39219,8019,48373,26315,1
1598,1597000,63007,6447,28892,2527,46016,36643,1
1599,1598000,65530,13768,18953,4,42355,46581,1
1600,1599000,64847,22981,10373,687,37749,55161,1
1601,1600000,61074,33143,3988,4460,32667,61546,1
1602,1601000,54544,43254,425,10991,27611,65109,1
1603,1602000,45822,52325,36,19712,23075,65498,1
1604,1603000,35831,59475,2813,29704,19500,62721,1
1605,1604000,25551,64003,8469,39984,17236,57065,1
1606,1605000,15990,65462,16581,49545,16506,48953,1
1607,1606000,8078,63734,26275,57456,17370,39259,1
1608,1607000,2588,59025,36597,62946,19725,28937,1
1609,1608000,62,51710,46532,65472,23383,19002,1
1610,1609000,740,42502,55112,64794,27987,10422,1
1611,1610000,4507,32342,61501,61027,33067,4033,1
1612,1611000,11028,22230,65069,54506,38124,465,1
1613,1612000,19749,13153,65464,45786,42663,70,1
1614,1613000,29743,5998,62690,35791,46241,2845,1
1615,1614000,40029,1465,57033,25505,48507,8501,1
1616,1615000,49596,4,48917,15938,49238,16617,1
1617,1616000,57512,1734,39217,8022,48373,26317,1
1618,1617000,63002,6448,28890,2532,46016,36645,1
1619,1618000,65525,13769,18951,9,42355,46583,1
1620,1619000,64842,22982,10371,692,37748,55163,1
1621,1620000,61068,33144,3987,4466,32667,61547,1
1622,1621000,54543,43255,425,10991,27611,65109,1
1623,1622000,45821,52326,36,19713,23075,65498,1
1624,1623000,35829,59475,2814,29705,19500,62720,1
1625,1624000,25550,64002,8470,39985,17236,57064,1
1626,1625000,15989,65460,16583,49545,16507,48951,1
1627,1626000,8078,63732,26277,57456,17371,39257,1
1628,1627000,2588,59023,36599,62946,19726,28935,1
1629,1628000,63,51708,46534,65471,23384,19000,1
1630,1629000,741,42499,55113,64793,27988,10421,1
1631,1630000,4510,32340,61502,61025,33069,4032,1
1632,1631000,11031,22227,65069,54503,38125,465,1
1633,1632000,19751,13151,65464,45783,42664,70,1
1634,1633000,29746,5996,62688,35788,46242,2846,1
1635,1634000,40032,1464,57032,25502,48508,8502,1
1636,1635000,49599,4,48915,15936,49238,16619,1
1637,1636000,57514,1734,39215,8020,48373,26319,1
1638,1637000,63004,6448,28888,2530,46015,36647,1
1639,1638000,65526,13770,18949,8,42354,46585,1
1640,1639000,64842,22983,10370,692,37747,55164,1
1641,1640000,61068,33145,3986,4466,32666,61548,1
1642,1641000,54542,43256,425,10992,27610,65109,1
1643,1642000,45820,52327,37,19714,23074,65497,1
1644,1643000,35828,59475,2816,29706,19500,62719,1
1645,1644000,25549,64002,8472,39986,17236,57062,1
1646,1645000,15988,65459,16585,49546,16508,48950,1
1647,1646000,8078,63730,26279,57456,17372,39255,1
1648,1647000,2589,59020,36601,62945,19727,28933,1
1649,1648000,64,51705,46536,65470,23385,18998,1
1650,1649000,743,42497,55115,64791,27990,10419,1
1651,1650000,4512,32337,61502,61022,33070,4032,1
1652,1651000,11034,22224,65069,54501,38127,465,1
1653,1652000,19754,13149,65463,45780,42665,71,1
1654,1653000,29749,5994,62687,35785,46242,2847,1
1655,1654000,40035,1463,57030,25499,48508,8504,1
1656,1655000,49601,3,48913,15933,49238,16621,1
1657,1656000,57516,1735,39213,8018,48373,26321,1
1658,1657000,63005,6449,28885,2529,46015,36649,1
1659,1658000,65527,13771,18947,7,42354,46587,1
1660,1659000,64842,22984,10369,692,37747,55165,1
1661,1660000,61067,33146,3985,4467,32665,61549,1
1662,1661000,54541,43257,425,10993,27610,65109,1
1663,1662000,45819,52327,37,19715,23074,65497,1
1664,1663000,35827,59475,2817,29707,19500,62717,1
1665,1664000,25548,64001,8473,39987,17237,57061,1
1666,1665000,15987,65458,16586,49547,16508,48948,1
1667,1666000,8077,63728,26281,57457,17373,39253,1
1668,1667000,2589,59018,36603,62945,19728,28931,1
1669,1668000,65,51702,46537,65469,23384,18997,1
1670,1669000,745,42494,55116,64789,27988,10418,1
1671,1670000,4514,32334,61503,61020,33069,4031,1
1672,1671000,11036,22222,65069,54498,38125,465,1
1673,1672000,19757,13146,65463,45777,42663,72,1
1674,1673000,29752,5992,62686,35782,46240,2848,1
1675,1674000,40038,1462,57029,25496,48506,8505,1
1676,1675000,49604,3,48911,15930,49235,16623,1
1677,1676000,57518,1734,39211,8016,48370,26323,1
1678,1677000,63007,6450,28883,2527,46012,36651,1
1679,1678000,65528,13772,18945,7,42350,46589,1
1680,1679000,64842,22986,10367,692,37743,55167,1
1681,1680000,61067,33148,3984,4467,32662,61550,1
1682,1681000,54540,43258,425,10994,27606,65109,1
1683,1682000,45818,52328,38,19716,23071,65497,1
1684,1683000,35826,59476,2818,29708,19497,62716,1
1685,1684000,25547,64001,8475,39988,17234,57059,1
1686,1685000,15987,65457,16588,49547,16506,48946,1
1687,1686000,8077,63727,26283,57457,17371,39251,1
1688,1687000,2590,59016,36605,62945,19727,28929,1
1689,1688000,66,51700,46539,65468,23385,18995,1
1690,1689000,746,42491,55117,64788,27990,10417,1
1691,1690000,4516,32331,61504,61018,33070,4030,1
1692,1691000,11039,22219,65069,54495,38127,465,1
1693,1692000,19760,13144,65462,45774,42664,72,1
1694,1693000,29755,5991,62685,35779,46241,2849,1
1695,1694000,40041,1460,57027,25494,48507,8507,1
1696,1695000,49606,2,48909,15928,49236,16625,1
1697,1696000,57520,1735,39208,8014,48369,26326,1
1698,1697000,63008,6450,28881,2526,46011,36653,1
1699,1698000,65528,13773,18944,6,42350,46591,1
1700,1699000,64842,22987,10366,692,37743,55168,1
1701,1700000,61067,33149,3984,4468,32661,61550,1
1702,1701000,54540,43259,424,10995,27606,65110,1
1703,1702000,45817,52329,38,19717,23070,65496,1
1704,1703000,35825,59476,2819,29709,19497,62715,1
1705,1704000,25545,64000,8476,39989,17234,57058,1
1706,1705000,15986,65456,16590,49548,16506,48944,1
1707,1706000,8077,63725,26285,57457,17372,39249,1
1708,1707000,2590,59014,36607,62944,19728,28927,1
1709,1708000,67,51697,46541,65467,23386,18993,1
1710,1709000,748,42488,55119,64786,27991,10415,1
1711,1710000,4518,32328,61505,61016,33072,4029,1
1712,1711000,11042,22216,65070,54493,38128,465,1
1713,1712000,19763,13142,65461,45771,42665,73,1
1714,1713000,29758,5989,62684,35776,46242,2850,1
1715,1714000,40043,1459,57025,25491,48507,8509,1
1716,1715000,49609,2,48907,15925,49236,16627,1
1717,1716000,57522,1735,39206,8012,48369,26328,1
1718,1717000,63010,6451,28879,2524,46011,36655,1
1719,1718000,65529,13774,18942,5,42349,46592,1
1720,1719000,64843,22988,10365,691,37742,55169,1
1721,1720000,61066,33150,3983,4468,32661,61551,1
1722,1721000,54539,43260,424,10995,27605,65110,1
1723,1722000,45816,52329,39,19718,23070,65496,1
1724,1723000,35824,59476,2820,29710,19497,62714,1
1725,1724000,25544,64000,8478,39990,17234,57056,1
1726,1725000,15985,65455,16592,49549,16507,48942,1
1727,1726000,8077,63723,26287,57457,17373,39247,1
1728,1727000,2590,59011,36609,62944,19729,28925,1
1729,1728000,68,51694,46543,65466,23388,18991,1
1730,1729000,750,42485,55120,64784,27993,10414,1
1731,1730000,4521,32325,61505,61013,33073,4029,1
1732,1731000,11044,22213,65070,54490,38129,464,1
1733,1732000,19766,13139,65461,45768,42667,73,1
1734,1733000,29761,5987,62682,35773,46243,2852,1
1735,1734000,40046,1458,57024,25488,48508,8511,1
1736,1735000,49611,1,48905,15923,49236,16629,1
1737,1736000,57524,1735,39204,8010,48369,26330,1
1738,1737000,63011,6452,28877,2523,46011,36657,1
1739,1738000,65530,13775,18940,4,42349,46594,1
1740,1739000,64843,22989,10363,691,37741,55171,1
1741,1740000,61066,33151,3982,4468,32660,61552,1
1742,1741000,54538,43261,424,10996,27605,65110,1
1743,1742000,45815,52330,39,19719,23070,65495,1
1744,1743000,35822,59476,2821,29712,19497,62713,1
1745,1744000,25543,63999,8480,39991,17235,57055,1
1746,1745000,15984,65454,16594,49550,16507,48940,1
1747,1746000,8076,63721,26289,57458,17374,39245,1
1748,1747000,2591,59009,36611,62944,19730,28923,1
1749,1748000,69,51692,46545,65465,23389,18990,1
1750,1749000,751,42482,55121,64783,27994,10413,1
1751,1750000,4523,32322,61506,61011,33075,4028,1
1752,1751000,11047,22211,65070,54487,38131,464,1
1753,1752000,19769,13137,65460,45765,42668,74,1
1754,1753000,29765,5985,62681,35770,46244,2853,1
1755,1754000,40049,1457,57022,25485,48508,8512,1
1756,1755000,49614,1,48903,15920,49236,16631,1
1757,1756000,57526,1735,39202,8008,48369,26332,1
1758,1757000,63013,6452,28875,2521,46010,36659,1
1759,1758000,65531,13776,18938,3,42348,46596,1
1760,1759000,64843,22991,10362,691,37741,55172,1
1761,1760000,61065,33153,3981,4469,32659,61553,1
1762,1761000,54537,43262,424,10997,27604,65110,1
1763,1762000,45814,52331,40,19720,23069,65495,1
1764,1763000,35821,59476,2822,29713,19496,62712,1
1765,1764000,25542,63999,8481,39992,17235,57053,1
1766,1765000,15984,65453,16596,49550,16508,48938,1
1767,1766000,8076,63720,26291,57458,17375,39243,1
1768,1767000,2591,59007,36613,62943,19731,28921,1
1769,1768000,70,51689,46546,65464,23390,18988,1
1770,1769000,753,42479,55123,64781,27996,10411,1
1771,1770000,4525,32319,61507,61009,33076,4027,1
1772,1771000,11050,22208,65070,54485,38132,464,1
1773,1772000,19772,13135,65460,45762,42669,74,1
1774,1773000,29768,5983,62680,35766,46245,2854,1
1775,1774000,40052,1456,57020,25482,48509,8514,1
1776,1775000,49617,0,48901,15918,49237,16633,1
1777,1776000,57528,1735,39200,8006,48369,26334,1
1778,1777000,63014,6453,28873,2520,46010,36661,1
1779,1778000,65531,13777,18936,3,42348,46598,1
1780,1779000,64843,22992,10360,691,37740,55174,1
1781,1780000,61065,33154,3980,4469,32659,61554,1
1782,1781000,54536,43263,424,10998,27604,65110,1
1783,1782000,45813,52331,40,19722,23069,65494,1
1784,1783000,35820,59476,2823,29714,19496,62711,1
1785,1784000,25541,63999,8483,39993,17235,57051,1
1786,1785000,15983,65451,16598,49551,16509,48936,1
1787,1786000,8076,63718,26294,57458,17375,39241,1
1788,1787000,2591,59004,36615,62943,19732,28919,1
1789,1788000,71,51686,46548,65463,23392,18986,1
1790,1789000,755,42476,55124,64780,27997,10410,1
1791,1790000,4527,32316,61508,61007,33078,4026,1
1792,1791000,11052,22205,65070,54482,38133,464,1
1793,1792000,19775,13132,65459,45759,42670,75,1
1794,1793000,29771,5982,62679,35763,46246,2855,1
1795,1794000,40055,1455,57018,25479,48510,8516,1
1796,1795000,49619,0,48899,15915,49237,16635,1
1797,1796000,57530,1735,39197,8004,48369,26337,1
1798,1797000,63015,6454,28871,2519,46010,36664,1
1799,1798000,65532,13778,18934,2,42347,46600,1
1800,1799000,64843,22993,10359,691,37739,55175,1
1801,1800000,61064,33155,3980,4470,32658,61555,1
1802,1801000,54535,43264,424,10999,27603,65110,1
1803,1802000,45811,52332,41,19723,23069,65494,1
1804,1803000,35819,59477,2824,29715,19496,62710,1
1805,1804000,25540,63998,8484,39994,17235,57050,1
1806,1805000,15982,65450,16600,49552,16509,48934,1
1807,1806000,8075,63716,26296,57459,17376,39238,1
1808,1807000,2591,59002,36617,62943,19734,28917,1
1809,1808000,72,51689,46550,65462,23393,18984,1
1810,1809000,756,42479,55125,64778,27999,10409,1
1811,1810000,4530,32319,61508,61005,33079,4026,1
1812,1811000,11055,22208,65070,54479,38135,464,1
1813,1812000,19778,13136,65458,45756,42671,76,1
1814,1813000,29774,5986,62678,35760,46247,2856,1
1815,1814000,40058,1459,57017,25476,48510,8517,1
1816,1815000,49622,5,48897,15912,49237,16637,1
1817,1816000,57532,1742,39195,8002,48369,26339,1
1818,1817000,63017,6460,28868,2517,46009,36666,1
1819,1818000,65533,13785,18932,1,42347,46602,1
1820,1819000,64843,23001,10358,691,37739,55177,1
1821,1820000,61064,33163,3979,4470,32657,61555,1
1822,1821000,54534,43272,423,11000,27602,65111,1
1823,1822000,45810,52339,41,19724,23068,65493,1
1824,1823000,35817,59483,2825,29717,19496,62709,1
1825,1824000,25539,64004,8486,39995,17236,57048,1
1826,1825000,15981,65455,16602,49553,16510,48932,1
1827,1826000,8075,63720,26298,57459,17377,39236,1
1828,1827000,2592,59006,36619,62942,19735,28915,1
1829,1828000,73,51687,46552,65461,23395,18982,1
1830,1829000,758,42476,55127,64776,28000,10407,1
1831,1830000,4532,32316,61509,61002,33080,4025,1
1832,1831000,11058,22206,65070,54476,38136,464,1
1833,1832000,19781,13134,65458,45753,42673,76,1
1834,1833000,29777,5984,62676,35757,46248,2858,1
1835,1834000,40061,1458,57015,25473,48511,8519,1
1836,1835000,49624,5,48895,15910,49237,16639,1
1837,1836000,57534,1742,39193,8000,48369,26341,1
1838,1837000,63018,6461,28866,2516,46009,36668,1
1839,1838000,65534,13786,18931,0,42346,46604,1
1840,1839000,64843,23002,10356,691,37738,55178,1
1841,1840000,61063,33164,3978,4471,32286,61556,1
1842,1841000,54533,43273,423,11001,22235,65111,1
1843,1842000,45809,52339,42,19725,13167,65493,1
1844,1843000,35816,59482,2826,29718,6024,62708,1
1845,1844000,25538,64002,8488,39997,1503,57046,1
1846,1845000,15980,65453,16604,49554,53,48930,1
1847,1846000,8075,63717,26300,57459,1789,39234,1
1848,1847000,2592,59001,36621,62942,6505,28913,1
1849,1848000,74,51682,46554,65460,13831,18981,1
1850,1849000,759,42471,55128,64775,23042,10406,1
1851,1850000,4534,32311,61510,61000,33203,4024,1
1852,1851000,11060,22201,65070,54474,43314,464,1
1853,1852000,19784,13129,65457,45750,52387,77,1
1854,1853000,29780,5980,62675,35754,59536,2859,1
1855,1854000,40064,1456,57013,25470,64061,8521,1
1856,1855000,49627,3,48893,15907,65513,16641,1
1857,1856000,57537,1741,39191,7998,63775,26343,1
1858,1857000,63020,6461,28864,2514,59055,36670,1
1859,1858000,65535,13787,18929,0,51734,46605,1
1860,1859000,64844,23003,10355,691,42518,55179,1
1861,1860000,61063,33165,3977,4471,32355,61557,1
1862,1861000,54527,43274,423,11008,22246,65111,1
1863,1862000,45802,52340,42,19732,13179,65492,1
1864,1863000,35809,59483,2828,29725,6035,62707,1
1865,1864000,25530,64002,8489,40004,1516,57045,1
1866,1865000,15974,65452,16606,49560,66,48928,1
1867,1866000,8068,63715,26302,57466,1803,39232,1
1868,1867000,2586,58999,36623,62948,6519,28911,1
1869,1868000,69,51679,46555,65465,13845,18979,1
1870,1869000,755,42468,55129,64779,23057,10405,1
1871,1870000,4530,32308,61511,61004,33218,4023,1
1872,1871000,11057,22198,65070,54477,43329,464,1
1873,1872000,19781,13127,65457,45753,52401,77,1
1874,1873000,29777,5978,62674,35757,59550,2860,1
1875,1874000,40061,1454,57012,25473,64074,8523,1
1876,1875000,49624,3,48891,15911,65526,16643,1
1877,1876000,57533,1741,39189,8001,63787,26345,1
1878,1877000,63015,6462,28862,2519,59066,36672,1
1879,1878000,65529,13788,18927,5,51739,46607,1
1880,1879000,64838,23004,10353,696,42522,55181,1
1881,1880000,61057,33166,3976,4477,32360,61558,1
1882,1881000,54526,43275,423,11009,22250,65111,1
1883,1882000,45801,52341,43,19733,13184,65492,1
1884,1883000,35808,59483,2829,29726,6041,62705,1
1885,1884000,25529,64002,8491,40005,1522,57043,1
1886,1885000,15973,65451,16608,49561,73,48926,1
1887,1886000,8068,63713,26304,57466,1810,39230,1
1888,1887000,2587,58997,36625,62948,6527,28909,1
1889,1888000,70,51676,46557,65464,13848,18977,1
1890,1889000,757,42465,55131,64777,23060,10403,1
1891,1890000,4532,32305,61512,61002,33221,4022,1
1892,1891000,11060,22195,65070,54474,43332,464,1
1893,1892000,19784,13124,65456,45750,52403,78,1
1894,1893000,29780,5977,62673,35754,59552,2861,1
1895,1894000,40064,1453,57010,25470,64075,8524,1
1896,1895000,49626,2,48889,15908,65526,16645,1
1897,1896000,57535,1741,39186,7999,63787,26348,1
1898,1897000,63017,6463,28860,2517,59065,36674,1
1899,1898000,65530,13789,18925,4,51738,46609,1
1900,1899000,64838,23006,10352,696,42521,55182,1
1901,1900000,61056,33168,3975,4478,32358,61559,1
1902,1901000,54525,43276,423,11009,22249,65111,1
1903,1902000,45799,52342,43,19735,13183,65491,1
1904,1903000,35806,59483,2830,29728,6041,62704,1
1905,1904000,25528,64001,8492,40006,1522,57042,1
1906,1905000,15972,65450,16610,49562,74,48924,1
1907,1906000,8068,63712,26306,57466,1812,39228,1
1908,1907000,2587,58995,36627,62947,6529,28907,1
1909,1908000,71,51674,46559,65463,13851,18975,1
1910,1909000,758,42462,55132,64776,23063,10402,1
1911,1910000,4535,32302,61512,61000,33224,4022,1
1912,1911000,11062,22192,65071,54472,43335,464,1
1913,1912000,19787,13122,65456,45747,52406,78,1
1914,1913000,29783,5975,62672,35751,59553,2862,1
1915,1914000,40067,1452,57008,25468,64077,8526,1
1916,1915000,49629,2,48887,15906,65527,16647,1
1917,1916000,57537,1741,39184,7997,63787,26350,1
1918,1917000,63018,6463,28858,2516,59065,36676,1
1919,1918000,65531,13790,18923,3,51737,46611,1
1920,1919000,64838,23007,10351,696,42520,55184,1
1921,1920000,61056,33169,3975,4478,32357,61560,1
1922,1921000,54524,43277,423,11010,22248,65111,1
1923,1922000,45798,52342,43,19736,13182,65491,1
1924,1923000,35805,59483,2831,29729,6041,62703,1
1925,1924000,25527,64001,8494,40007,1523,57040,1
1926,1925000,15971,65448,16612,49563,75,48923,1
1927,1926000,8067,63710,26308,57467,1814,39226,1
1928,1927000,2587,58992,36629,62947,6532,28905,1
1929,1928000,72,51671,46561,65462,13854,18973,1
1930,1929000,760,42459,55134,64774,23066,10401,1
1931,1930000,4537,32299,61513,60997,33227,4021,1
1932,1931000,11065,22190,65071,54469,43337,463,1
1933,1932000,19790,13120,65455,45744,52408,79,1
1934,1933000,29786,5973,62671,35748,59555,2864,1
1935,1934000,40069,1451,57007,25465,64078,8527,1
1936,1935000,49631,1,48885,15903,65527,16649,1
1937,1936000,57539,1742,39182,7995,63787,26352,1
1938,1937000,63020,6464,28856,2514,59064,36678,1
1939,1938000,65532,13791,18921,2,51736,46613,1
1940,1939000,64838,23008,10349,696,42519,55185,1
1941,1940000,61055,33170,3974,4479,32356,61560,1
1942,1941000,54523,43278,422,11011,22247,65112,1
1943,1942000,45797,52343,44,19737,13182,65490,1
1944,1943000,35804,59483,2832,29730,6041,62702,1
1945,1944000,25526,64000,8495,40008,1523,57039,1
1946,1945000,15970,65447,16613,49564,76,48921,1
1947,1946000,8067,63708,26310,57467,1815,39224,1
1948,1947000,2587,58990,36631,62947,6534,28903,1
1949,1948000,73,51668,46562,65461,13856,18972,1
1950,1949000,761,42457,55135,64773,23069,10399,1
1951,1950000,4539,32296,61514,60995,33230,4020,1
1952,1951000,11067,22187,65071,54467,43340,463,1
1953,1952000,19793,13117,65455,45742,52410,79,1
1954,1953000,29789,5971,62669,35745,59557,2865,1
1955,1954000,40072,1450,57005,25462,64079,8529,1
1956,1955000,49634,1,48883,15901,65528,16651,1
1957,1956000,57541,1742,39180,7993,63787,26354,1
1958,1957000,63021,6465,28854,2513,59064,36680,1
1959,1958000,65533,13792,18920,1,51735,46615,1
1960,1959000,64838,23009,10348,696,42518,55186,1
1961,1960000,61055,33171,3973,4479,32355,61561,1
1962,1961000,54522,43279,422,11012,22246,65112,1
1963,1962000,45796,52344,44,19738,13181,65490,1
1964,1963000,35803,59483,2833,29731,6041,62701,1
1965,1964000,25525,64000,8497,40009,1524,57037,1
1966,1965000,15970,65446,16615,49565,77,48919,1
1967,1966000,8067,63707,26312,57467,1817,39222,1
1968,1967000,2587,58988,36633,62947,6536,28901,1
1969,1968000,73,51666,46564,65461,13859,18970,1
1970,1969000,763,42454,55136,64771,23072,10398,1
1971,1970000,4541,32294,61515,60993,33233,4019,1
1972,1971000,11070,22184,65071,54464,43343,463,1
1973,1972000,19795,13115,65454,45739,52413,80,1
1974,1973000,29792,5969,62668,35742,59559,2866,1
1975,1974000,40075,1448,57003,25459,64080,8531,1
1976,1975000,49636,0,48881,15898,65529,16653,1
1977,1976000,57543,1742,39178,7991,63787,26356,1
1978,1977000,63023,6465,28852,2512,59063,36682,1
1979,1978000,65533,13793,18918,1,51734,46616,1
1980,1979000,64839,23010,10346,696,42517,55188,1
1981,1980000,61055,33173,3972,4479,32354,61562,1
1982,1981000,54521,43280,422,11013,22245,65112,1
1983,1982000,45795,52344,45,19739,13180,65489,1
1984,1983000,35802,59484,2834,29732,6040,62700,1
1985,1984000,25524,63999,8498,40010,1524,57036,1
1986,1985000,15969,65445,16617,49565,78,48917,1
1987,1986000,8066,63705,26314,57468,1819,39220,1
1988,1987000,2588,58986,36635,62946,6538,28899,1
1989,1988000,74,51663,46566,65460,13861,18968,1
1990,1989000,764,42451,55138,64770,23074,10397,1
1991,1990000,4543,32291,61516,60991,33235,4019,1
1992,1991000,11072,22182,65071,54462,43345,463,1
1993,1992000,19798,13113,65454,45736,52415,80,1
1994,1993000,29794,5968,62667,35740,59561,2867,1
1995,1994000,40078,1447,57002,25456,64081,8532,1
1996,1995000,49638,0,48879,15896,65529,16655,1
1997,1996000,57545,1742,39176,7989,63787,26358,1
1998,1997000,63024,6466,28850,2510,59063,36684,1
1999,1998000,65534,13794,18916,0,51733,46618,1
2000,1999000,64839,23012,10345,695,42515,55189,1
