1,0,26274,32482,37524,0
2,1000,26437,33008,36854,0
3,2000,26413,33673,36269,0
4,3000,26201,34415,35828,0
5,4000,25822,35158,35574,0
6,5000,25316,35831,35530,0
7,6000,24728,36369,35703,0
8,7000,24120,36716,36074,0
9,8000,23550,36842,36606,0
10,9000,23074,36731,37248,0
11,10000,22737,36398,37938,0
12,11000,22574,35873,38606,0
13,12000,22597,35209,39190,0
14,13000,22810,34468,39630,0
15,14000,23187,33726,39885,0
16,15000,23693,33053,39930,0
17,16000,24280,32516,39758,0
18,17000,24887,32167,39389,0
19,18000,25458,32041,38857,0
20,19000,25934,32150,38215,0
21,20000,26274,32482,37524,0
22,21000,26437,33008,36854,0
23,22000,26413,33673,36269,0
24,23000,26201,34415,35828,0
25,24000,25822,35158,35574,0
26,25000,25316,35831,35530,0
27,26000,24728,36369,35703,0
28,27000,24120,36716,36074,0
29,28000,23550,36842,36606,0
30,29000,23074,36731,37248,0
31,30000,22737,36398,37938,0
32,31000,22574,35873,38606,0
33,32000,22597,35209,39190,0
34,33000,22810,34468,39630,0
35,34000,23187,33726,39885,0
36,35000,23693,33053,39930,0
37,36000,24280,32516,39758,0
38,37000,24887,32167,39389,0
39,38000,25458,32041,38857,0
40,39000,25934,32150,38215,0
41,40000,26274,32482,37524,0
42,41000,26437,33008,36854,0
43,42000,26413,33673,36269,0
44,43000,26201,34415,35828,0
45,44000,25822,35158,35574,0
46,45000,25316,35831,35530,0
47,46000,24728,36369,35703,0
48,47000,24120,36716,36073,0
49,48000,23550,36841,36606,0
50,49000,23074,36731,37248,0
51,50000,22737,36398,37938,0
52,51000,22574,35873,38606,0
53,52000,22597,35209,39190,0
54,53000,22810,34468,39630,0
55,54000,23187,33726,39886,0
56,55000,23693,33053,39930,0
57,56000,24280,32515,39758,0
58,57000,24887,32167,39389,0
59,58000,25458,32041,38857,0
60,59000,25934,32150,38215,0
61,60000,26274,32482,37524,0
62,61000,26437,33008,36854,0
63,62000,26413,33673,36269,0
64,63000,26201,34415,35828,0
65,64000,25822,35158,35574,0
66,65000,25316,35831,35530,0
67,66000,24728,36369,35703,0
68,67000,24120,36716,36074,0
69,68000,23550,36842,36606,0
70,69000,23074,36731,37248,0
71,70000,22737,36398,37938,0
72,71000,22574,35873,38606,0
73,72000,22597,35209,39190,0
74,73000,22810,34468,39630,0
75,74000,23187,33726,39885,0
76,75000,23693,33053,39930,0
77,76000,24280,32516,39758,0
78,77000,24887,32167,39389,0
79,78000,25458,32041,38857,0
80,79000,25934,32150,38215,0
81,80000,26274,32482,37524,0
82,81000,26437,33008,36854,0
83,82000,26413,33673,36269,0
84,83000,26201,34415,35829,0
85,84000,25822,35158,35574,0
86,85000,25316,35831,35530,0
87,86000,24728,36369,35703,0
88,87000,24120,36716,36073,0
89,88000,23550,36842,36606,0
90,89000,23074,36731,37248,0
91,90000,22737,36398,37938,0
92,91000,22574,35873,38606,0
93,92000,22598,35209,39190,0
94,93000,22810,34468,39630,0
95,94000,23187,33726,39886,0
96,95000,23693,33053,39930,0
97,96000,24280,32515,39758,0
98,97000,24887,32167,39389,0
99,98000,25458,32041,38857,0
100,99000,25934,32150,38215,0
101,100000,26274,32482,37524,0
102,101000,26437,33008,36854,0
103,102000,26413,33673,36269,0
104,103000,26201,34415,35828,0
105,104000,25822,35158,35574,0
106,105000,25316,35831,35530,0
107,106000,24728,36369,35703,0
108,107000,24120,36716,36074,0
109,108000,23550,36842,36606,0
110,109000,23074,36731,37248,0
111,110000,22737,36398,37938,0
112,111000,22574,35873,38606,0
113,112000,22597,35209,39190,0
114,113000,22810,34468,39630,0
115,114000,23187,33726,39885,0
116,115000,23693,33053,39930,0
117,116000,24280,32516,39758,0
118,117000,24887,32167,39389,0
119,118000,25458,32041,38857,0
120,119000,25934,32150,38215,0
121,120000,26274,32482,37524,0
122,121000,26437,33008,36854,0
123,122000,26413,33673,36269,0
124,123000,26201,34415,35828,0
125,124000,25822,35158,35574,0
126,125000,25316,35831,35530,0
127,126000,24728,36369,35703,0
128,127000,24120,36716,36073,0
129,128000,23550,36841,36606,0
130,129000,23074,36731,37248,0
131,130000,22737,36398,37938,0
132,131000,22574,35873,38606,0
133,132000,22597,35209,39190,0
134,133000,22810,34468,39630,0
135,134000,23187,33726,39886,0
136,135000,23693,33053,39930,0
137,136000,24280,32515,39758,0
138,137000,24887,32167,39389,0
139,138000,25458,32041,38857,0
140,139000,25934,32150,38215,0
141,140000,26274,32482,37524,0
142,141000,26437,33008,36854,0
143,142000,26413,33673,36269,0
144,143000,26201,34415,35828,0
145,144000,25822,35158,35574,0
146,145000,25316,35831,35530,0
147,146000,24728,36369,35703,0
148,147000,24120,36716,36074,0
149,148000,23550,36842,36606,0
150,149000,23074,36731,37248,0
151,150000,22737,36398,37938,0
152,151000,22574,35873,38606,0
153,152000,22597,35209,39190,0
154,153000,22810,34468,39630,0
155,154000,23187,33726,39885,0
156,155000,23693,33053,39930,0
157,156000,24280,32516,39758,0
158,157000,24887,32167,39389,0
159,158000,25458,32041,38857,0
160,159000,25934,32150,38215,0
161,160000,26274,32482,37524,0
162,161000,26437,33008,36854,0
163,162000,26413,33673,36269,0
164,163000,26201,34415,35828,0
165,164000,25822,35158,35574,0
166,165000,25316,35831,35530,0
167,166000,24728,36369,35703,0
168,167000,24120,36716,36074,0
169,168000,23550,36842,36606,0
170,169000,23074,36731,37248,0
171,170000,22737,36398,37938,0
172,171000,22574,35873,38606,0
173,172000,22597,35209,39190,0
174,173000,22810,34468,39630,0
175,174000,23187,33726,39885,0
176,175000,23693,33053,39930,0
177,176000,24280,32516,39758,0
178,177000,24887,32167,39389,0
179,178000,25458,32041,38857,0
180,179000,25934,32150,38215,0
181,180000,26274,32482,37524,0
182,181000,26437,33008,36854,0
183,182000,26413,33673,36269,0
184,183000,26201,34415,35829,0
185,184000,25822,35158,35574,0
186,185000,25316,35831,35530,0
187,186000,24728,36369,35703,0
188,187000,24120,36716,36073,0
189,188000,23550,36842,36606,0
190,189000,23074,36731,37248,0
191,190000,22737,36398,37938,0
192,191000,22574,35873,38606,0
193,192000,22598,35209,39190,0
194,193000,22810,34468,39630,0
195,194000,23187,33726,39886,0
196,195000,23693,33053,39930,0
197,196000,24280,32515,39758,0
198,197000,24887,32167,39389,0
199,198000,25458,32041,38857,0
200,199000,25934,32150,38215,0
201,200000,26274,32482,37524,0
202,201000,26437,33008,36854,0
203,202000,26413,33673,36269,0
204,203000,26201,34415,35828,0
205,204000,25822,35158,35574,0
206,205000,25316,35831,35530,0
207,206000,24728,36369,35703,0
208,207000,24120,36716,36073,0
209,208000,23550,36841,36606,0
210,209000,23074,36731,37248,0
211,210000,22737,36398,37938,0
212,211000,22574,35873,38606,0
213,212000,22597,35209,39190,0
214,213000,22810,34468,39630,0
215,214000,23187,33726,39886,0
216,215000,23693,33053,39930,0
217,216000,24280,32515,39758,0
218,217000,24887,32167,39389,0
219,218000,25458,32041,38857,0
220,219000,25934,32150,38215,0
221,220000,26274,32482,37524,0
222,221000,26437,33008,36854,0
223,222000,26413,33673,36269,0
224,223000,26201,34415,35828,0
225,224000,25822,35158,35574,0
226,225000,25316,35831,35530,0
227,226000,24728,36369,35703,0
228,227000,24120,36716,36074,0
229,228000,23550,36842,36606,0
230,229000,23074,36731,37248,0
231,230000,22737,36398,37938,0
232,231000,22574,35873,38606,0
233,232000,22597,35209,39190,0
234,233000,22810,34468,39630,0
235,234000,23187,33726,39885,0
236,235000,23693,33053,39930,0
237,236000,24280,32516,39758,0
238,237000,24887,32167,39389,0
239,238000,25458,32041,38857,0
240,239000,25934,32150,38215,0
241,240000,26274,32482,37524,0
242,241000,26437,33008,36854,0
243,242000,26413,33673,36269,0
244,243000,26201,34415,35828,0
245,244000,25822,35158,35574,0
246,245000,25316,35831,35530,0
247,246000,24728,36369,35703,0
248,247000,24120,36716,36074,0
249,248000,23550,36842,36606,0
250,249000,23074,36731,37248,0
251,250000,22737,36398,37938,0
252,251000,22574,35873,38606,0
253,252000,22597,35209,39190,0
254,253000,22810,34468,39630,0
255,254000,23187,33726,39885,0
256,255000,23693,33053,39930,0
257,256000,24280,32516,39758,0
258,257000,24887,32167,39389,0
259,258000,25458,32041,38857,0
260,259000,25934,32150,38215,0
261,260000,26274,32482,37524,0
262,261000,26437,33008,36854,0
263,262000,26413,33673,36269,0
264,263000,26201,34415,35828,0
265,264000,25822,35158,35574,0
266,265000,25316,35831,35530,0
267,266000,24728,36369,35703,0
268,267000,24120,36716,36074,0
269,268000,23550,36842,36606,0
270,269000,23074,36731,37248,0
271,270000,22737,36398,37938,0
272,271000,22574,35873,38606,0
273,272000,22597,35209,39190,0
274,273000,22810,34468,39630,0
275,274000,23187,33726,39885,0
276,275000,23693,33053,39930,0
277,276000,24280,32516,39758,0
278,277000,24887,32167,39389,0
279,278000,25458,32041,38857,0
280,279000,25934,32150,38215,0
281,280000,26274,32482,37524,0
282,281000,26437,33008,36854,0
283,282000,26413,33673,36269,0
284,283000,26201,34415,35829,0
285,284000,25822,35158,35574,0
286,285000,25316,35831,35530,0
287,286000,24728,36369,35703,0
288,287000,24120,36716,36073,0
289,288000,23550,36841,36606,0
290,289000,23074,36731,37248,0
291,290000,22737,36398,37938,0
292,291000,22574,35873,38606,0
293,292000,22597,35209,39190,0
294,293000,22810,34468,39630,0
295,294000,23187,33726,39886,0
296,295000,23693,33053,39930,0
297,296000,24280,32515,39758,0
298,297000,24887,32167,39389,0
299,298000,25458,32041,38857,0
300,299000,25934,32150,38215,0
301,300000,26274,32482,37524,0
302,301000,26437,33008,36854,0
303,302000,26413,33673,36269,0
304,303000,26201,34415,35828,0
305,304000,25822,35158,35574,0
306,305000,25316,35831,35530,0
307,306000,24728,36369,35703,0
308,307000,24120,36716,36074,0
309,308000,23550,36842,36606,0
310,309000,23074,36731,37248,0
311,310000,22737,36398,37938,0
312,311000,22574,35873,38606,0
313,312000,22597,35209,39190,0
314,313000,22810,34468,39630,0
315,314000,23187,33726,39885,0
316,315000,23693,33053,39930,0
317,316000,24280,32516,39758,0
318,317000,24887,32167,39389,0
319,318000,25458,32041,38857,0
320,319000,25934,32150,38215,0
321,320000,26274,32482,37524,0
322,321000,26437,33008,36854,0
323,322000,26413,33673,36269,0
324,323000,26201,34415,35828,0
325,324000,25822,35158,35574,0
326,325000,25316,35831,35530,0
327,326000,24728,36369,35703,0
328,327000,24120,36716,36074,0
329,328000,23550,36842,36606,0
330,329000,23074,36731,37248,0
331,330000,22737,36398,37938,0
332,331000,22574,35873,38606,0
333,332000,22597,35209,39190,0
334,333000,22810,34468,39630,0
335,334000,23187,33726,39885,0
336,335000,23693,33053,39930,0
337,336000,24280,32516,39758,0
338,337000,24887,32167,39389,0
339,338000,25458,32041,38857,0
340,339000,25934,32150,38215,0
341,340000,26274,32482,37524,0
342,341000,26437,33008,36854,0
343,342000,26413,33673,36269,0
344,343000,26201,34415,35828,0
345,344000,25822,35158,35574,0
346,345000,25316,35831,35530,0
347,346000,24728,36369,35703,0
348,347000,24120,36716,36074,0
349,348000,23550,36842,36606,0
350,349000,23074,36731,37248,0
351,350000,22737,36398,37938,0
352,351000,22574,35873,38606,0
353,352000,22597,35209,39190,0
354,353000,22810,34468,39630,0
355,354000,23187,33726,39885,0
356,355000,23693,33053,39930,0
357,356000,24280,32516,39758,0
358,357000,24887,32167,39389,0
359,358000,25458,32041,38857,0
360,359000,25934,32150,38215,0
361,360000,26274,32482,37524,0
362,361000,26437,33008,36854,0
363,362000,26413,33673,36269,0
364,363000,26201,34415,35828,0
365,364000,25822,35158,35574,0
366,365000,25316,35831,35530,0
367,366000,24728,36369,35703,0
368,367000,24120,36716,36073,0
369,368000,23550,36841,36606,0
370,369000,23074,36731,37248,0
371,370000,22737,36398,37938,0
372,371000,22574,35873,38606,0
373,372000,22597,35209,39190,0
374,373000,22810,34468,39630,0
375,374000,23187,33726,39886,0
376,375000,23693,33053,39930,0
377,376000,24280,32515,39758,0
378,377000,24887,32167,39389,0
379,378000,25458,32041,38857,0
380,379000,25934,32150,38215,0
381,380000,26274,32482,37524,0
382,381000,26437,33008,36854,0
383,382000,26413,33673,36269,0
384,383000,26201,34415,35829,0
385,384000,25822,35158,35574,0
386,385000,25316,35831,35530,0
387,386000,24728,36369,35703,0
388,387000,24120,36716,36073,0
389,388000,23550,36842,36606,0
390,389000,23074,36731,37248,0
391,390000,22737,36398,37938,0
392,391000,22574,35873,38606,0
393,392000,22597,35209,39190,0
394,393000,22810,34468,39630,0
395,394000,23187,33726,39886,0
396,395000,23693,33053,39930,0
397,396000,24280,32515,39758,0
398,397000,24887,32167,39389,0
399,398000,25458,32041,38857,0
400,399000,25934,32150,38215,0
401,400000,26274,32482,37524,0
402,401000,26437,33008,36854,0
403,402000,26413,33673,36269,0
404,403000,26201,34415,35828,0
405,404000,25822,35158,35574,0
406,405000,25316,35831,35530,0
407,406000,24728,36369,35703,0
408,407000,24120,36716,36074,0
409,408000,23550,36842,36606,0
410,409000,23074,36731,37248,0
411,410000,22737,36398,37938,0
412,411000,22574,35873,38606,0
413,412000,22597,35209,39190,0
414,413000,22810,34468,39630,0
415,414000,23187,33726,39885,0
416,415000,23693,33053,39930,0
417,416000,24280,32516,39758,0
418,417000,24887,32167,39389,0
419,418000,25458,32041,38857,0
420,419000,25934,32150,38215,0
421,420000,26274,32482,37524,0
422,421000,26437,33008,36854,0
423,422000,26413,33673,36269,0
424,423000,26201,34415,35828,0
425,424000,25822,35158,35574,0
426,425000,25316,35831,35530,0
427,426000,24728,36369,35703,0
428,427000,24120,36716,36074,0
429,428000,23550,36842,36606,0
430,429000,23074,36731,37248,0
431,430000,22737,36398,37938,0
432,431000,22574,35873,38606,0
433,432000,22597,35209,39190,0
434,433000,22810,34468,39630,0
435,434000,23187,33726,39885,0
436,435000,23693,33053,39930,0
437,436000,24280,32516,39758,0
438,437000,24887,32167,39389,0
439,438000,25458,32041,38857,0
440,439000,25934,32150,38215,0
441,440000,26274,32482,37524,0
442,441000,26437,33008,36854,0
443,442000,26413,33673,36269,0
444,443000,26201,34415,35828,0
445,444000,25822,35158,35574,0
446,445000,25316,35831,35530,0
447,446000,24728,36369,35703,0
448,447000,24120,36716,36073,0
449,448000,23550,36841,36606,0
450,449000,23074,36731,37248,0
451,450000,22737,36398,37938,0
452,451000,22574,35873,38606,0
453,452000,22597,35209,39190,0
454,453000,22810,34468,39630,0
455,454000,23187,33726,39886,0
456,455000,23693,33053,39930,0
457,456000,24280,32515,39758,0
458,457000,24887,32167,39389,0
459,458000,25458,32041,38857,0
460,459000,25934,32150,38215,0
461,460000,26274,32482,37524,0
462,461000,26437,33008,36854,0
463,462000,26413,33673,36269,0
464,463000,26201,34415,35828,0
465,464000,25822,35158,35574,0
466,465000,25316,35831,35530,0
467,466000,24728,36369,35703,0
468,467000,24120,36716,36074,0
469,468000,23550,36842,36606,0
470,469000,23074,36731,37248,0
471,470000,22737,36398,37938,0
472,471000,22574,35873,38606,0
473,472000,22597,35209,39190,0
474,473000,22810,34468,39630,0
475,474000,23187,33726,39885,0
476,475000,23693,33053,39930,0
477,476000,24280,32516,39758,0
478,477000,24887,32167,39389,0
479,478000,25458,32041,38857,0
480,479000,25934,32150,38215,0
481,480000,26274,32482,37524,0
482,481000,26437,33008,36854,0
483,482000,26413,33673,36269,0
484,483000,26201,34415,35829,0
485,484000,25822,35158,35574,0
486,485000,25316,35831,35530,0
487,486000,24728,36369,35703,0
488,487000,24120,36716,36073,0
489,488000,23550,36842,36606,0
490,489000,23074,36731,37248,0
491,490000,22737,36398,37938,0
492,491000,22574,35873,38606,0
493,492000,22597,35209,39190,0
494,493000,22810,34468,39630,0
495,494000,23187,33726,39886,0
496,495000,23693,33053,39930,0
497,496000,24280,32515,39758,0
498,497000,24887,32167,39389,0
499,498000,25458,32041,38857,0
500,499000,25934,32150,38215,0
501,500000,26274,32482,37524,0
502,501000,26437,33008,36854,0
503,502000,26413,33673,36269,0
504,503000,26201,34415,35828,0
505,504000,25822,35158,35574,0
506,505000,25316,35831,35530,0
507,506000,24728,36369,35703,0
508,507000,24120,36716,36074,0
509,508000,23550,36842,36606,0
510,509000,23074,36731,37248,0
511,510000,22737,36398,37938,0
512,511000,22574,35873,38606,0
513,512000,22597,35209,39190,0
514,513000,22810,34468,39630,0
515,514000,23187,33726,39885,0
516,515000,23693,33053,39930,0
517,516000,24280,32516,39758,0
518,517000,24887,32167,39389,0
519,518000,25458,32041,38857,0
520,519000,25934,32150,38215,0
521,520000,26274,32482,37524,0
522,521000,26437,33008,36854,0
523,522000,26413,33673,36269,0
524,523000,26201,34415,35828,0
525,524000,25822,35158,35574,0
526,525000,25316,35831,35530,0
527,526000,24728,36369,35703,0
528,527000,24120,36716,36073,0
529,528000,23550,36841,36606,0
530,529000,23074,36731,37248,0
531,530000,22737,36398,37938,0
532,531000,22574,35873,38606,0
533,532000,22597,35209,39190,0
534,533000,22810,34468,39630,0
535,534000,23187,33726,39886,0
536,535000,23693,33053,39930,0
537,536000,24280,32515,39758,0
538,537000,24887,32167,39389,0
539,538000,25458,32041,38857,0
540,539000,25934,32150,38215,0
541,540000,26274,32482,37524,0
542,541000,26437,33008,36854,0
543,542000,26413,33673,36269,0
544,543000,26201,34415,35828,0
545,544000,25822,35158,35574,0
546,545000,25316,35831,35530,0
547,546000,24728,36369,35703,0
548,547000,24120,36716,36074,0
549,548000,23550,36842,36606,0
550,549000,23074,36731,37248,0
551,550000,22737,36398,37938,0
552,551000,22574,35873,38606,0
553,552000,22597,35209,39190,0
554,553000,22810,34468,39630,0
555,554000,23187,33726,39885,0
556,555000,23693,33053,39930,0
557,556000,24280,32516,39758,0
558,557000,24887,32167,39389,0
559,558000,25458,32041,38857,0
560,559000,25934,32150,38215,0
561,560000,26274,32482,37524,0
562,561000,26437,33008,36854,0
563,562000,26413,33673,36269,0
564,563000,26201,34415,35828,0
565,564000,25822,35158,35574,0
566,565000,25316,35831,35530,0
567,566000,24728,36369,35703,0
568,567000,24120,36716,36074,0
569,568000,23550,36842,36606,0
570,569000,23074,36731,37248,0
571,570000,22737,36398,37938,0
572,571000,22574,35873,38606,0
573,572000,22597,35209,39190,0
574,573000,22810,34468,39630,0
575,574000,23187,33726,39885,0
576,575000,23693,33053,39930,0
577,576000,24280,32516,39758,0
578,577000,24887,32167,39389,0
579,578000,25458,32041,38857,0
580,579000,25934,32150,38215,0
581,580000,26274,32482,37524,0
582,581000,26437,33008,36854,0
583,582000,26413,33673,36269,0
584,583000,26201,34415,35829,0
585,584000,25822,35158,35574,0
586,585000,25316,35831,35530,0
587,586000,24728,36369,35703,0
588,587000,24120,36716,36073,0
589,588000,23550,36842,36606,0
590,589000,23074,36731,37248,0
591,590000,22737,36398,37938,0
592,591000,22574,35873,38606,0
593,592000,22597,35209,39190,0
594,593000,22810,34468,39630,0
595,594000,23187,33726,39886,0
596,595000,23693,33053,39930,0
597,596000,24280,32515,39758,0
598,597000,24887,32167,39389,0
599,598000,25458,32041,38857,0
600,599000,25934,32150,38215,0
601,600000,26274,32482,37524,0
602,601000,26437,33008,36854,0
603,602000,26413,33673,36269,0
604,603000,26201,34415,35828,0
605,604000,25822,35158,35574,0
606,605000,25316,35831,35530,0
607,606000,24728,36369,35703,0
608,607000,24120,36716,36073,0
609,608000,23550,36841,36606,0
610,609000,23074,36731,37248,0
611,610000,22737,36398,37938,0
612,611000,22574,35873,38606,0
613,612000,22597,35209,39190,0
614,613000,22810,34468,39630,0
615,614000,23187,33726,39886,0
616,615000,23693,33053,39930,0
617,616000,24280,32515,39758,0
618,617000,24887,32167,39389,0
619,618000,25458,32041,38857,0
620,619000,25934,32150,38215,0
621,620000,26274,32482,37524,0
622,621000,26437,33008,36854,0
623,622000,26413,33673,36269,0
624,623000,26201,34415,35828,0
625,624000,25822,35158,35574,0
626,625000,25316,35831,35530,0
627,626000,24728,36369,35703,0
628,627000,24120,36716,36074,0
629,628000,23550,36842,36606,0
630,629000,23074,36731,37248,0
631,630000,22737,36398,37938,0
632,631000,22574,35873,38606,0
633,632000,22597,35209,39190,0
634,633000,22810,34468,39630,0
635,634000,23187,33726,39885,0
636,635000,23693,33053,39930,0
637,636000,24280,32516,39758,0
638,637000,24887,32167,39389,0
639,638000,25458,32041,38857,0
640,639000,25934,32150,38215,0
641,640000,26274,32482,37524,0
642,641000,26437,33008,36854,0
643,642000,26413,33673,36269,0
644,643000,26201,34415,35828,0
645,644000,25822,35158,35574,0
646,645000,25316,35831,35530,0
647,646000,24728,36369,35703,0
648,647000,24120,36716,36074,0
649,648000,23550,36842,36606,0
650,649000,23074,36731,37248,0
651,650000,22737,36398,37938,0
652,651000,22574,35873,38606,0
653,652000,22597,35209,39190,0
654,653000,22810,34468,39630,0
655,654000,23187,33726,39885,0
656,655000,23693,33053,39930,0
657,656000,24280,32516,39758,0
658,657000,24887,32167,39389,0
659,658000,25458,32041,38857,0
660,659000,25934,32150,38215,0
661,660000,26274,32482,37524,0
662,661000,26437,33008,36854,0
663,662000,26413,33673,36269,0
664,663000,26201,34415,35828,0
665,664000,25822,35158,35574,0
666,665000,25316,35831,35530,0
667,666000,24728,36369,35703,0
668,667000,24120,36716,36074,0
669,668000,23550,36842,36606,0
670,669000,23074,36731,37248,0
671,670000,22737,36398,37938,0
672,671000,22574,35873,38606,0
673,672000,22597,35209,39190,0
674,673000,22810,34468,39630,0
675,674000,23187,33726,39885,0
676,675000,23693,33053,39930,0
677,676000,24280,32516,39758,0
678,677000,24887,32167,39389,0
679,678000,25458,32041,38857,0
680,679000,25934,32150,38215,0
681,680000,26274,32482,37524,0
682,681000,26437,33008,36854,0
683,682000,26413,33673,36269,0
684,683000,26201,34415,35829,0
685,684000,25822,35158,35574,0
686,685000,25316,35831,35530,0
687,686000,24728,36369,35703,0
688,687000,24120,36716,36073,0
689,688000,23550,36841,36606,0
690,689000,23074,36731,37248,0
691,690000,22737,36398,37938,0
692,691000,22574,35873,38606,0
693,692000,22597,35209,39190,0
694,693000,22810,34468,39630,0
695,694000,23187,33726,39886,0
696,695000,23693,33053,39930,0
697,696000,24280,32515,39758,0
698,697000,24887,32167,39389,0
699,698000,25458,32041,38857,0
700,699000,25934,32150,38215,0
701,700000,26274,32482,37524,0
702,701000,26437,33008,36854,0
703,702000,26413,33673,36269,0
704,703000,26201,34415,35828,0
705,704000,25822,35158,35574,0
706,705000,25316,35831,35530,0
707,706000,24728,36369,35703,0
708,707000,24120,36716,36074,0
709,708000,23550,36842,36606,0
710,709000,23074,36731,37248,0
711,710000,22737,36398,37938,0
712,711000,22574,35873,38606,0
713,712000,22597,35209,39190,0
714,713000,22810,34468,39630,0
715,714000,23187,33726,39885,0
716,715000,23693,33053,39930,0
717,716000,24280,32516,39758,0
718,717000,24887,32167,39389,0
719,718000,25458,32041,38857,0
720,719000,25934,32150,38215,0
721,720000,26274,32482,37524,0
722,721000,26437,33008,36854,0
723,722000,26413,33673,36269,0
724,723000,26201,34415,35828,0
725,724000,25822,35158,35574,0
726,725000,25316,35831,35530,0
727,726000,24728,36369,35703,0
728,727000,24120,36716,36074,0
729,728000,23550,36842,36606,0
730,729000,23074,36731,37248,0
731,730000,22737,36398,37938,0
732,731000,22574,35873,38606,0
733,732000,22597,35209,39190,0
734,733000,22810,34468,39630,0
735,734000,23187,33726,39885,0
736,735000,23693,33053,39930,0
737,736000,24280,32516,39758,0
738,737000,24887,32167,39389,0
739,738000,25458,32041,38857,0
740,739000,25934,32150,38215,0
741,740000,26274,32482,37524,0
742,741000,26437,33008,36854,0
743,742000,26413,33673,36269,0
744,743000,26201,34415,35828,0
745,744000,25822,35158,35574,0
746,745000,25316,35831,35530,0
747,746000,24728,36369,35703,0
748,747000,24120,36716,36074,0
749,748000,23550,36842,36606,0
750,749000,23074,36731,37248,0
751,750000,22737,36398,37938,0
752,751000,22574,35873,38606,0
753,752000,22597,35209,39190,0
754,753000,22810,34468,39630,0
755,754000,23187,33726,39885,0
756,755000,23693,33053,39930,0
757,756000,24280,32516,39758,0
758,757000,24887,32167,39389,0
759,758000,25458,32041,38857,0
760,759000,25934,32150,38215,0
761,760000,26274,32482,37524,0
762,761000,26437,33008,36854,0
763,762000,26413,33673,36269,0
764,763000,26201,34415,35828,0
765,764000,25822,35158,35574,0
766,765000,25316,35831,35530,0
767,766000,24728,36369,35703,0
768,767000,24120,36716,36073,0
769,768000,23550,36841,36606,0
770,769000,23074,36731,37248,0
771,770000,22737,36398,37938,0
772,771000,22574,35873,38606,0
773,772000,22597,35209,39190,0
774,773000,22810,34468,39630,0
775,774000,23187,33726,39886,0
776,775000,23693,33053,39930,0
777,776000,24280,32515,39758,0
778,777000,24887,32167,39389,0
779,778000,25458,32041,38857,0
780,779000,25934,32150,38215,0
781,780000,26274,32482,37524,0
782,781000,26437,33008,36854,0
783,782000,26413,33673,36269,0
784,783000,26201,34415,35829,0
785,784000,25822,35158,35574,0
786,785000,25316,35831,35530,0
787,786000,24728,36369,35703,0
788,787000,24120,36716,36073,0
789,788000,23550,36842,36606,0
790,789000,23074,36731,37248,0
791,790000,22737,36398,37938,0
792,791000,22574,35873,38606,0
793,792000,22597,35209,39190,0
794,793000,22810,34468,39630,0
795,794000,23187,33726,39886,0
796,795000,23693,33053,39930,0
797,796000,24280,32515,39758,0
798,797000,24887,32167,39389,0
799,798000,25458,32041,38857,0
800,799000,25934,32150,38215,0
801,800000,26274,32482,37524,0
802,801000,26437,33008,36854,0
803,802000,26413,33673,36269,0
804,803000,26201,34415,35828,0
805,804000,25822,35158,35574,0
806,805000,25316,35831,35530,0
807,806000,24728,36369,35703,0
808,807000,24120,36716,36074,0
809,808000,23550,36842,36606,0
810,809000,23074,36731,37248,0
811,810000,22737,36398,37938,0
812,811000,22574,35873,38606,0
813,812000,22597,35209,39190,0
814,813000,22810,34468,39630,0
815,814000,23187,33726,39885,0
816,815000,23693,33053,39930,0
817,816000,24280,32516,39758,0
818,817000,24887,32167,39389,0
819,818000,25458,32041,38857,0
820,819000,25934,32150,38215,0
821,820000,26274,32482,37524,0
822,821000,26437,33008,36854,0
823,822000,26413,33673,36269,0
824,823000,26201,34415,35828,0
825,824000,25822,35158,35574,0
826,825000,25316,35831,35530,0
827,826000,24728,36369,35703,0
828,827000,24120,36716,36074,0
829,828000,23550,36842,36606,0
830,829000,23074,36731,37248,0
831,830000,22737,36398,37938,0
832,831000,22574,35873,38606,0
833,832000,22597,35209,39190,0
834,833000,22810,34468,39630,0
835,834000,23187,33726,39885,0
836,835000,23693,33053,39930,0
837,836000,24280,32516,39758,0
838,837000,24887,32167,39389,0
839,838000,25458,32041,38857,0
840,839000,25934,32150,38215,0
841,840000,26274,32482,37524,0
842,841000,26437,33008,36854,0
843,842000,26413,33673,36269,0
844,843000,26201,34415,35828,0
845,844000,25822,35158,35574,0
846,845000,25316,35831,35530,0
847,846000,24728,36369,35703,0
848,847000,24120,36716,36073,0
849,848000,23550,36841,36606,0
850,849000,23074,36731,37248,0
851,850000,22737,36398,37938,0
852,851000,22574,35873,38606,0
853,852000,22597,35209,39190,0
854,853000,22810,34468,39630,0
855,854000,23187,33726,39886,0
856,855000,23693,33053,39930,0
857,856000,24280,32515,39758,0
858,857000,24887,32167,39389,0
859,858000,25458,32041,38857,0
860,859000,25934,32150,38215,0
861,860000,26274,32482,37524,0
862,861000,26437,33008,36854,0
863,862000,26413,33673,36269,0
864,863000,26201,34415,35828,0
865,864000,25822,35158,35574,0
866,865000,25316,35831,35530,0
867,866000,24728,36369,35703,0
868,867000,24120,36716,36074,0
869,868000,23550,36842,36606,0
870,869000,23074,36731,37248,0
871,870000,22737,36398,37938,0
872,871000,22574,35873,38606,0
873,872000,22597,35209,39190,0
874,873000,22810,34468,39630,0
875,874000,23187,33726,39885,0
876,875000,23693,33053,39930,0
877,876000,24280,32516,39758,0
878,877000,24887,32167,39389,0
879,878000,25458,32041,38857,0
880,879000,25934,32150,38215,0
881,880000,26274,32482,37524,0
882,881000,26437,33008,36854,0
883,882000,26413,33673,36269,0
884,883000,26201,34415,35829,0
885,884000,25822,35158,35574,0
886,885000,25316,35831,35530,0
887,886000,24728,36369,35703,0
888,887000,24120,36716,36073,0
889,888000,23550,36842,36606,0
890,889000,23074,36731,37248,0
891,890000,22737,36398,37938,0
892,891000,22574,35873,38606,0
893,892000,22597,35209,39190,0
894,893000,22810,34468,39630,0
895,894000,23187,33726,39886,0
896,895000,23693,33053,39930,0
897,896000,24280,32515,39758,0
898,897000,24887,32167,39389,0
899,898000,25458,32041,38857,0
900,899000,25934,32150,38215,0
901,900000,26274,32482,37524,0
902,901000,26437,33008,36854,0
903,902000,26413,33673,36269,0
904,903000,26201,34415,35828,0
905,904000,25822,35158,35574,0
906,905000,25316,35831,35530,0
907,906000,24728,36369,35703,0
908,907000,24120,36716,36074,0
909,908000,23550,36842,36606,0
910,909000,23074,36731,37248,0
911,910000,22737,36398,37938,0
912,911000,22574,35873,38606,0
913,912000,22597,35209,39190,0
914,913000,22810,34468,39630,0
915,914000,23187,33726,39885,0
916,915000,23693,33053,39930,0
917,916000,24280,32516,39758,0
918,917000,24887,32167,39389,0
919,918000,25458,32041,38857,0
920,919000,25934,32150,38215,0
921,920000,26274,32482,37524,0
922,921000,26437,33008,36854,0
923,922000,26413,33673,36269,0
924,923000,26201,34415,35828,0
925,924000,25822,35158,35574,0
926,925000,25316,35831,35530,0
927,926000,24728,36369,35703,0
928,927000,24120,36716,36073,0
929,928000,23550,36841,36606,0
930,929000,23074,36731,37248,0
931,930000,22737,36398,37938,0
932,931000,22574,35873,38606,0
933,932000,22597,35209,39190,0
934,933000,22810,34468,39630,0
935,934000,23187,33726,39886,0
936,935000,23693,33053,39930,0
937,936000,24280,32515,39758,0
938,937000,24887,32167,39389,0
939,938000,25458,32041,38857,0
940,939000,25934,32150,38215,0
941,940000,26274,32482,37524,0
942,941000,26437,33008,36854,0
943,942000,26413,33673,36269,0
944,943000,26201,34415,35828,0
945,944000,25822,35158,35574,0
946,945000,25316,35831,35530,0
947,946000,24728,36369,35703,0
948,947000,24120,36716,36074,0
949,948000,23550,36842,36606,0
950,949000,23074,36731,37248,0
951,950000,22737,36398,37938,0
952,951000,22574,35873,38606,0
953,952000,22597,35209,39190,0
954,953000,22810,34468,39630,0
955,954000,23187,33726,39885,0
956,955000,23693,33053,39930,0
957,956000,24280,32516,39758,0
958,957000,24887,32167,39389,0
959,958000,25458,32041,38857,0
960,959000,25934,32150,38215,0
961,960000,26274,32482,37524,0
962,961000,26437,33008,36854,0
963,962000,26413,33673,36269,0
964,963000,26201,34415,35828,0
965,964000,25822,35158,35574,0
966,965000,25316,35831,35530,0
967,966000,24728,36369,35703,0
968,967000,24120,36716,36074,0
969,968000,23550,36842,36606,0
970,969000,23074,36731,37248,0
971,970000,22737,36398,37938,0
972,971000,22574,35873,38606,0
973,972000,22597,35209,39190,0
974,973000,22810,34468,39630,0
975,974000,23187,33726,39885,0
976,975000,23693,33053,39930,0
977,976000,24280,32516,39758,0
978,977000,24887,32167,39389,0
979,978000,25458,32041,38857,0
980,979000,25934,32150,38215,0
981,980000,26274,32482,37524,0
982,981000,26437,33008,36854,0
983,982000,26413,33673,36269,0
984,983000,26201,34415,35829,0
985,984000,25822,35158,35574,0
986,985000,25316,35831,35530,0
987,986000,24728,36369,35703,0
988,987000,24120,36716,36073,0
989,988000,23550,36842,36606,0
990,989000,23074,36731,37248,0
991,990000,22737,36398,37938,0
992,991000,22574,35873,38606,0
993,992000,22597,35209,39190,0
994,993000,22810,34468,39630,0
995,994000,23187,33726,39886,0
996,995000,23693,33053,39930,0
997,996000,24280,32515,39758,0
998,997000,24887,32167,39389,0
999,998000,25458,32041,38857,0
1000,999000,25934,32150,38215,0
1001,1000000,29321,12908,52075,0
1002,1001000,34159,13551,45988,1
1003,1002000,41301,4786,45943,1
1004,1003000,47822,87,42860,1
1005,1004000,54199,0,35696,1
1006,1005000,59111,2788,27551,1
1007,1006000,62837,5768,20577,1
1008,1007000,65469,7450,16039,1
1009,1008000,65535,14170,9781,1
1010,1009000,62990,25925,1853,1
1011,1010000,59135,32697,0,1
1012,1011000,53574,39070,452,1
1013,1012000,46694,46707,1238,1
1014,1013000,39521,51866,4639,1
1015,1014000,33042,52219,11674,1
1016,1015000,27102,53110,17600,1
1017,1016000,22270,52807,23367,1
1018,1017000,19712,45951,32583,1
1019,1018000,18708,40336,38890,1
1020,1019000,19573,34179,43574,1
1021,1020000,22691,24567,48877,1
1022,1021000,27188,17320,50438,1
1023,1022000,32721,12206,48859,1
1024,1023000,38965,6559,46963,1
1025,1024000,44939,4263,42291,1
1026,1025000,50163,4784,35878,1
1027,1026000,54024,7451,29038,1
1028,1027000,56143,12523,21964,1
1029,1028000,56360,19097,15668,1
1030,1029000,54494,26808,10691,1
1031,1030000,50750,35329,7103,1
1032,1031000,45644,42448,6351,1
1033,1032000,39518,48370,7860,1
1034,1033000,32905,53511,10640,1
1035,1034000,26628,55286,16136,1
1036,1035000,21192,54506,23028,1
1037,1036000,16920,52615,29622,1
1038,1037000,14440,47590,37063,1
1039,1038000,13931,40697,43984,1
1040,1039000,15223,34003,48677,1
1041,1040000,18398,26247,52207,1
1042,1041000,23083,18765,53771,1
1043,1042000,28668,13266,52488,1
1044,1043000,34705,9180,49390,1
1045,1044000,40562,7056,44692,1
1046,1045000,45556,7838,38301,1
1047,1046000,49240,10765,31422,1
1048,1047000,51213,15614,24719,1
1049,1048000,51230,22333,18517,1
1050,1049000,49322,29770,13840,1
1051,1050000,45654,37363,11019,1
1052,1051000,40567,44605,10133,1
1053,1052000,34610,50240,11714,1
1054,1053000,28314,54183,15236,1
1055,1054000,22284,56129,20295,1
1056,1055000,17167,55272,26896,1
1057,1056000,13381,52345,33890,1
1058,1057000,11280,47611,40633,1
1059,1058000,11131,40954,46928,1
1060,1059000,12865,33645,51685,1
1061,1060000,16299,26366,54482,1
1062,1061000,21139,19356,55435,1
1063,1062000,26840,13802,54070,1
1064,1063000,32821,10247,50549,1
1065,1064000,38511,8675,45532,1
1066,1065000,43296,9589,39257,1
1067,1066000,46679,12903,32364,1
1068,1067000,48345,18011,25771,1
1069,1068000,48094,24648,19949,1
1070,1069000,45947,32127,15505,1
1071,1070000,42136,39516,13033,1
1072,1071000,37018,46291,12612,1
1073,1072000,31104,51718,14336,1
1074,1073000,24991,55136,18135,1
1075,1074000,19256,56425,23462,1
1076,1075000,14470,55362,29877,1
1077,1076000,11109,51961,36824,1
1078,1077000,9472,46785,43445,1
1079,1078000,9725,40225,49196,1
1080,1079000,11844,32854,53572,1
1081,1080000,15584,25623,55978,1
1082,1081000,20580,19120,56288,1
1083,1082000,26331,13935,54527,1
1084,1083000,32235,10773,50731,1
1085,1084000,37704,9830,45386,1
1086,1085000,42191,11157,39069,1
1087,1086000,45224,14765,32303,1
1088,1087000,46504,20189,25858,1
1089,1088000,45906,26859,20399,1
1090,1089000,43475,34212,16393,1
1091,1090000,39463,41429,14309,1
1092,1091000,34271,47783,14359,1
1093,1092000,28409,52721,16474,1
1094,1093000,22465,55684,20499,1
1095,1094000,17028,56386,26028,1
1096,1095000,12628,54829,32459,1
1097,1096000,9703,51105,39209,1
1098,1097000,8537,45604,45595,1
1099,1098000,9232,38937,50941,1
1100,1099000,11718,31703,54774,1
1101,1100000,15737,24649,56701,1
1102,1101000,20874,18528,56498,1
1103,1102000,26617,13887,54246,1
1104,1103000,32381,11215,50159,1
1105,1104000,37580,10815,44621,1
1106,1105000,41696,12664,38243,1
1107,1106000,44313,16599,31650,1
1108,1107000,45164,22251,25483,1
1109,1108000,44168,29000,20403,1
1110,1109000,41426,36191,16900,1
1111,1110000,37209,43125,15309,1
1112,1111000,31946,49067,15819,1
1113,1112000,26160,53448,18359,1
1114,1113000,20429,55848,22660,1
1115,1114000,15326,55999,28318,1
1116,1115000,11356,53916,34744,1
1117,1116000,8910,49820,41292,1
1118,1117000,8229,44101,47328,1
1119,1118000,9373,37360,52232,1
1120,1119000,12217,30280,55517,1
1121,1120000,16472,23550,56877,1
1122,1121000,21702,17865,56168,1
1123,1122000,27377,13795,53467,1
1124,1123000,32926,11724,49070,1
1125,1124000,37789,11875,43408,1
1126,1125000,41476,14227,37056,1
1127,1126000,43621,18521,30668,1
1128,1127000,44008,24340,24872,1
1129,1128000,42602,31096,20254,1
1130,1129000,39546,38094,17284,1
1131,1130000,35148,44649,16247,1
1132,1131000,29851,50101,17246,1
1133,1132000,24189,53895,20187,1
1134,1133000,18728,55669,24757,1
1135,1134000,14013,55247,30501,1
1136,1135000,10518,52670,36843,1
1137,1136000,8585,48216,43137,1
1138,1137000,8403,42336,48755,1
1139,1138000,9982,35621,53141,1
1140,1139000,13155,28758,55851,1
1141,1140000,17596,22435,56626,1
1142,1141000,22853,17281,55398,1
1143,1142000,28392,13818,52294,1
1144,1143000,33654,12382,47637,1
1145,1144000,38113,13109,41904,1
1146,1145000,41320,15926,35669,1
1147,1146000,42958,20539,29564,1
1148,1147000,42865,26478,24203,1
1149,1148000,41054,33151,20120,1
1150,1149000,37711,39880,17724,1
1151,1150000,33175,45990,17255,1
1152,1151000,27903,50872,18751,1
1153,1152000,22426,54036,22060,1
1154,1153000,17296,55168,26845,1
1155,1154000,13027,54165,32617,1
1156,1155000,10045,51132,38796,1
1157,1156000,8644,46383,44756,1
1158,1157000,8959,40408,49898,1
1159,1158000,10948,33810,53710,1
1160,1159000,14403,27257,55815,1
1161,1160000,18969,21413,56008,1
1162,1161000,24179,16857,54282,1
1163,1162000,29506,14044,50820,1
1164,1163000,34415,13249,45976,1
1165,1164000,38412,14542,40246,1
1166,1165000,41101,17785,34207,1
1167,1166000,42214,22647,28468,1
1168,1167000,41646,28633,23605,1
1169,1168000,39457,35139,20104,1
1170,1169000,35873,41511,18312,1
1171,1170000,31256,47106,18407,1
1172,1171000,26075,51365,20373,1
1173,1172000,20852,53864,24006,1
1174,1173000,16114,54355,28936,1
1175,1174000,12337,52797,34660,1
1176,1175000,9896,49358,40597,1
1177,1176000,9033,44391,46148,1
1178,1177000,9825,38407,50756,1
1179,1178000,12183,32015,53959,1
1180,1179000,15860,25861,55445,1
1181,1180000,20479,20564,55073,1
1182,1181000,25568,16653,52892,1
1183,1182000,30613,14512,49132,1
1184,1183000,35107,14349,44178,1
1185,1184000,38600,16169,38535,1
1186,1185000,40747,19781,32773,1
1187,1186000,41336,24815,27471,1
1188,1187000,40315,30760,23160,1
1189,1188000,37791,37015,20271,1
1190,1189000,34023,42950,19089,1
1191,1190000,29394,47968,19729,1
1192,1191000,24374,51567,22120,1
1193,1192000,19470,53388,26014,1
1194,1193000,15177,53255,31012,1
1195,1194000,11926,51190,36605,1
1196,1195000,10041,47411,42224,1
1197,1196000,9703,42310,47301,1
1198,1197000,10939,36410,51328,1
1199,1198000,13613,30312,53903,1
1200,1199000,17446,24631,54776,1
1201,1200000,22044,19939,53872,1
1202,1201000,26939,16700,51291,1
1203,1202000,31637,15233,47305,1
1204,1203000,35667,15674,42323,1
1205,1204000,38626,17969,36849,1
1206,1205000,40224,21877,31438,1
1207,1206000,40305,26999,26633,1
1208,1207000,38867,32815,22914,1
1209,1208000,36061,38736,20651,1
1210,1209000,32176,44166,20068,1
1211,1210000,27605,48559,21217,1
1212,1211000,22814,51476,23974,1
1213,1212000,18288,52627,28056,1
1214,1213000,14484,51905,33042,1
1215,1214000,11782,49391,38424,1
1216,1215000,10450,45352,43654,1
1217,1216000,10615,40205,48204,1
1218,1217000,12249,34477,51619,1
1219,1218000,15177,28753,53560,1
1220,1219000,19095,23610,53843,1
1221,1220000,23600,19562,52451,1
1222,1221000,28234,17010,49536,1
1223,1222000,32529,16201,45401,1
1224,1223000,36057,17204,40471,1
1225,1224000,38466,19909,35246,1
1226,1225000,39520,24034,30252,1
1227,1226000,39120,29158,25992,1
1228,1227000,37313,34759,22890,1
1229,1228000,34286,40271,21255,1
1230,1229000,30351,45139,21245,1
1231,1230000,25909,48873,22854,1
1232,1231000,21411,51100,25914,1
1233,1232000,17314,51603,30105,1
1234,1233000,14030,50338,34999,1
1235,1234000,11888,47445,40094,1
1236,1235000,11098,43227,44873,1
1237,1236000,11730,38122,48853,1
1238,1237000,13711,32652,51637,1
1239,1238000,16829,27374,52952,1
1240,1239000,20761,22821,52676,1
1241,1240000,25103,19446,50851,1
1242,1241000,29414,17580,47671,1
1243,1242000,33260,17402,43467,1
1244,1243000,36257,18916,38669,1
1245,1244000,38108,21961,33763,1
1246,1245000,38634,26221,29246,1
1247,1246000,37789,31260,25569,1
1248,1247000,35665,36565,23099,1
1249,1248000,32482,41601,22080,1
1250,1249000,28567,45858,22609,1
1251,1250000,24321,48910,24625,1
1252,1251000,20175,50452,27915,1
1253,1252000,16550,50336,32139,1
1254,1253000,13812,48584,36861,1
1255,1254000,12232,45385,41600,1
1256,1255000,11964,41074,45872,1
1257,1256000,13024,36097,49247,1
1258,1257000,15295,30964,51391,1
1259,1258000,18536,26199,52095,1
1260,1259000,22412,22279,51300,1
1261,1260000,26523,19595,49100,1
1262,1261000,30455,18407,45728,1
1263,1262000,33810,18824,41532,1
1264,1263000,36255,20793,36944,1
1265,1264000,37549,24104,32427,1
1266,1265000,37569,28414,28438,1
1267,1266000,36319,33283,25376,1
1268,1267000,33934,38215,23546,1
1269,1268000,30661,42711,23128,1
1270,1269000,26836,46315,24155,1
1271,1270000,22852,48668,26516,1
1272,1271000,19113,49536,29964,1
1273,1272000,16000,48839,34140,1
1274,1273000,13827,46661,38614,1
1275,1274000,12807,43232,42928,1
1276,1275000,13036,38913,46643,1
1277,1276000,14471,34156,49390,1
1278,1277000,16948,29455,50902,1
1279,1278000,20195,25294,51044,1
1280,1279000,23872,22091,49814,1
1281,1280000,27606,20161,47349,1
1282,1281000,31022,19676,43915,1
1283,1282000,33778,20701,39842,1
1284,1283000,35599,23068,35594,1
1285,1284000,36308,26624,31517,1
1286,1285000,35836,30919,28100,1
1287,1286000,34241,35498,25699,1
1288,1287000,31692,39959,24489,1
1289,1288000,28457,43812,24617,1
1290,1289000,24870,46674,26058,1
1291,1290000,21296,48261,28658,1
1292,1291000,18100,48428,32134,1
1293,1292000,15608,47196,36098,1
1294,1293000,14058,44682,40172,1
1295,1294000,13597,41154,43943,1
1296,1295000,14251,37001,47022,1
1297,1296000,15985,32641,49065,1
1298,1297000,18608,28513,49884,1
1299,1298000,21826,25041,49423,1
1300,1299000,25316,22578,47726,1
1301,1300000,28700,21365,44999,1
1302,1301000,31634,21509,41533,1
1303,1302000,33826,22988,37683,1
1304,1303000,35057,25638,33845,1
1305,1304000,35227,29178,30395,1
1306,1305000,34316,33242,27690,1
1307,1306000,32421,37411,26006,1
1308,1307000,29744,41258,25506,1
1309,1308000,26565,44393,26233,1
1310,1309000,23216,46497,28100,1
1311,1310000,20041,47363,30910,1
1312,1311000,17364,46909,34367,1
1313,1312000,15459,45193,38111,1
1314,1313000,14513,42403,41752,1
1315,1314000,14616,38833,44921,1
1316,1315000,15748,34858,47293,1
1317,1316000,17786,30894,48627,1
1318,1317000,20509,27346,48799,1
1319,1318000,23628,24575,47805,1
1320,1319000,26822,22859,45757,1
1321,1320000,29760,22364,42875,1
1322,1321000,32143,23128,39465,1
1323,1322000,33734,25060,35881,1
1324,1323000,34374,27951,32492,1
1325,1324000,34008,31496,29646,1
1326,1325000,32682,35325,27629,1
1327,1326000,30539,39042,26642,1
1328,1327000,27807,42268,26777,1
1329,1328000,24772,44682,28003,1
1330,1329000,21750,46036,30190,1
1331,1330000,19054,46180,33120,1
1332,1331000,16961,45116,36475,1
1333,1332000,15684,42976,39895,1
1334,1333000,15349,39979,43034,1
1335,1334000,15981,36458,45556,1
1336,1335000,17507,32781,47207,1
1337,1336000,19757,29332,47826,1
1338,1337000,22491,26466,47358,1
1339,1338000,25418,24468,45870,1
1340,1339000,28233,23545,43522,1
1341,1340000,30646,23781,40565,1
1342,1341000,32408,25136,37316,1
1343,1342000,33345,27461,34113,1
1344,1343000,33367,30501,31290,1
1345,1344000,32480,33936,29136,1
1346,1345000,30785,37406,27868,1
1347,1346000,28465,40547,27613,1
1348,1347000,25767,43037,28386,1
1349,1348000,22976,44619,30101,1
1350,1349000,20386,45135,32569,1
1351,1350000,18265,44537,35527,1
1352,1351000,16835,42899,38659,1
1353,1352000,16239,40403,41632,1
1354,1353000,16533,37319,44137,1
1355,1354000,17678,33977,45911,1
1356,1355000,19545,30735,46775,1
1357,1356000,21928,27932,46647,1
1358,1357000,24570,25861,45551,1
1359,1358000,27191,24733,43614,1
1360,1359000,29512,24655,41048,1
1361,1360000,31293,25626,38131,1
1362,1361000,32352,27532,35175,1
1363,1362000,32583,30162,32492,1
1364,1363000,31970,33232,30363,1
1365,1364000,30586,36414,29007,1
1366,1365000,28584,39369,28563,1
1367,1366000,26180,41786,29068,1
1368,1367000,23634,43413,30464,1
1369,1368000,21216,44082,32594,1
1370,1369000,19185,43728,35226,1
1371,1370000,17756,42396,38076,1
1372,1371000,17077,40236,40835,1
1373,1372000,17215,37487,43207,1
1374,1373000,18150,34450,44941,1
1375,1374000,19773,31453,45855,1
1376,1375000,21905,28820,45857,1
1377,1376000,24310,26832,44954,1
1378,1377000,26726,25698,43254,1
1379,1378000,28892,25532,40945,1
1380,1379000,30577,26344,38285,1
1381,1380000,31603,28037,35561,1
1382,1381000,31865,30421,33069,1
1383,1382000,31341,33233,31077,1
1384,1383000,30092,36167,29796,1
1385,1384000,28259,38904,29359,1
1386,1385000,26043,41149,29810,1
1387,1386000,23688,42660,31095,1
1388,1387000,21449,43277,33070,1
1389,1388000,19571,42935,35518,1
1390,1389000,18259,41675,38168,1
1391,1390000,17653,39639,40729,1
1392,1391000,17819,37054,42920,1
1393,1392000,18736,34206,44500,1
1394,1393000,20298,31411,45297,1
1395,1394000,22332,28978,45226,1
1396,1395000,24610,27175,44298,1
1397,1396000,26878,26199,42620,1
1398,1397000,28886,26154,40380,1
1399,1398000,30412,27043,37829,1
1400,1399000,31288,28763,35250,1
1401,1400000,31420,31122,32930,1
1402,1401000,30795,33856,31124,1
1403,1402000,29483,36662,30032,1
1404,1403000,27630,39229,29775,1
1405,1404000,25442,41272,30380,1
1406,1405000,23161,42563,31782,1
1407,1406000,21042,42957,33826,1
1408,1407000,19321,42408,36286,1
1409,1408000,18193,40974,38888,1
1410,1409000,17785,38812,41341,1
1411,1410000,18147,36162,43368,1
1412,1411000,19242,33320,44740,1
1413,1412000,20949,30606,45299,1
1414,1413000,23079,28327,44977,1
1415,1414000,25393,26743,43806,1
1416,1415000,27630,26036,41916,1
1417,1416000,29537,26291,39515,1
1418,1417000,30896,27484,36873,1
1419,1418000,31551,29486,34287,1
1420,1419000,31424,32075,32049,1
1421,1420000,30522,34963,30414,1
1422,1421000,28944,37828,29572,1
1423,1422000,26860,40345,29623,1
1424,1423000,24501,42228,30570,1
1425,1424000,22130,43257,32315,1
1426,1425000,20015,43309,34670,1
1427,1426000,18397,42364,37377,1
1428,1427000,17466,40518,40133,1
1429,1428000,17336,37967,42628,1
1430,1429000,18033,34991,44575,1
1431,1430000,19489,31922,45746,1
1432,1431000,21551,29107,45995,1
1433,1432000,23992,26869,45282,1
1434,1433000,26540,25472,43672,1
1435,1434000,28908,25087,41337,1
1436,1435000,30823,25773,38531,1
1437,1436000,32061,27468,35565,1
1438,1437000,32472,29995,32773,1
1439,1438000,31995,33080,30475,1
1440,1439000,30672,36383,28938,1
1441,1440000,28638,39534,28349,1
1442,1441000,26110,42175,28789,1
1443,1442000,23366,44000,30227,1
1444,1443000,20711,44788,32518,1
1445,1444000,18445,44431,35420,1
1446,1445000,16831,42948,38618,1
1447,1446000,16064,40484,41757,1
1448,1447000,16247,37296,44483,1
1449,1448000,17378,33731,46479,1
1450,1449000,19350,30181,47507,1
1451,1450000,21957,27047,47428,1
1452,1451000,24919,24693,46230,1
1453,1452000,27909,23399,44025,1
1454,1453000,30590,23334,41040,1
1455,1454000,32653,24530,37596,1
1456,1455000,33854,26878,34071,1
1457,1456000,34039,30138,30860,1
1458,1457000,33169,33961,28331,1
1459,1458000,31317,37931,26781,1
1460,1459000,28673,41605,26403,1
1461,1460000,25516,44566,27264,1
1462,1461000,22187,46470,29294,1
1463,1462000,19055,47080,32289,1
1464,1463000,16473,46303,35938,1
1465,1464000,14741,44193,39847,1
1466,1465000,14070,40958,43586,1
1467,1466000,14559,36933,46734,1
1468,1467000,16179,32549,48929,1
1469,1468000,18774,28287,49903,1
1470,1469000,22076,24626,49522,1
1471,1470000,25733,21986,47797,1
1472,1471000,29345,20683,44893,1
1473,1472000,32508,20893,41107,1
1474,1473000,34861,22624,36842,1
1475,1474000,36124,25714,32564,1
1476,1475000,36135,29849,28746,1
1477,1476000,34866,34592,25823,1
1478,1477000,32433,39427,24137,1
1479,1478000,29081,43822,23900,1
1480,1479000,25163,47281,25167,1
1481,1480000,21099,49404,27829,1
1482,1481000,17338,49927,31621,1
1483,1482000,14298,48761,36145,1
1484,1483000,12332,46001,40919,1
1485,1484000,11677,41918,45420,1
1486,1485000,12433,36936,49147,1
1487,1486000,14545,31586,51671,1
1488,1487000,17806,26452,52691,1
1489,1488000,21881,22104,52064,1
1490,1489000,26335,19037,49827,1
1491,1490000,30685,17614,46195,1
1492,1491000,34449,18024,41543,1
1493,1492000,37201,20256,36363,1
1494,1493000,38619,24098,31217,1
1495,1494000,38523,29155,26672,1
1496,1495000,36897,34895,23237,1
1497,1496000,33892,40697,21310,1
1498,1497000,29815,45927,21130,1
1499,1498000,25092,50001,22744,1
1500,1499000,20232,52452,26009,1
1501,1500000,15764,52985,30594,1
1502,1501000,12184,51507,36020,1
1503,1502000,9899,48148,41707,1
1504,1503000,9180,43243,47037,1
1505,1504000,10133,37303,51421,1
1506,1505000,12680,30961,54364,1
1507,1506000,16569,24906,55519,1
1508,1507000,21396,19803,54732,1
1509,1508000,26646,16226,52061,1
1510,1509000,31752,14588,47769,1
1511,1510000,36157,15091,42302,1
1512,1511000,39370,17714,36239,1
1513,1512000,41026,22208,30223,1
1514,1513000,40919,28110,24913,1
1515,1514000,39032,34801,20898,1
1516,1515000,35546,41559,18639,1
1517,1516000,30817,47646,18408,1
1518,1517000,25345,52396,20254,1
1519,1518000,19714,55268,24007,1
1520,1519000,14534,55926,29285,1
1521,1520000,10375,54271,35532,1
1522,1521000,7702,50449,42085,1
1523,1522000,6826,44848,48234,1
1524,1523000,7865,38054,53306,1
1525,1524000,10731,30791,56735,1
1526,1525000,15134,23843,58128,1
1527,1526000,20614,17968,57309,1
1528,1527000,26587,13819,54343,1
1529,1528000,32411,11863,49528,1
1530,1529000,37451,12338,43365,1
1531,1530000,41153,15217,36511,1
1532,1531000,43102,20213,29700,1
1533,1532000,43069,26805,23670,1
1534,1533000,41039,34295,19084,1
1535,1534000,37212,41881,16450,1
1536,1535000,31986,48744,16071,1
1537,1536000,25912,54134,18009,1
1538,1537000,19641,57457,22075,1
1539,1538000,13847,58336,27847,1
1540,1539000,9160,56654,34719,1
1541,1540000,6095,52572,41956,1
1542,1541000,4998,46460,48827,1
1543,1542000,6001,39058,54500,1
1544,1543000,9059,30997,58444,1
1545,1544000,13859,23209,60159,1
1546,1545000,19842,16629,59418,1
1547,1546000,26390,11883,56348,1
1548,1547000,32745,9563,51266,1
1549,1548000,38301,9903,44641,1
1550,1549000,42461,12817,37235,1
1551,1550000,44732,18034,29854,1
1552,1551000,44907,24984,23259,1
1553,1552000,42942,32942,18168,1
1554,1553000,38996,41101,15142,1
1555,1554000,33536,48541,14497,1
1556,1555000,27120,54481,16318,1
1557,1556000,20449,58276,20404,1
1558,1557000,14237,59486,26346,1
1559,1558000,9106,58001,33540,1
1560,1559000,5658,53970,41166,1
1561,1560000,4251,47806,48437,1
1562,1561000,5031,40158,54589,1
1563,1562000,7939,31855,58926,1
1564,1563000,12659,23750,61024,1
1565,1564000,18699,16748,60607,1
1566,1565000,25432,11565,57729,1
1567,1566000,32142,8735,52712,1
1568,1567000,38037,8680,46066,1
1569,1568000,42597,11325,38454,1
1570,1569000,45304,16351,30752,1
1571,1570000,45794,23316,23787,1
1572,1571000,44084,31506,18192,1
1573,1572000,40350,39927,14684,1
1574,1573000,34953,47771,13596,1
1575,1574000,28453,54240,15026,1
1576,1575000,21580,58543,18873,1
1577,1576000,15037,60309,24679,1
1578,1577000,9532,59284,31876,1
1579,1578000,5647,55588,39690,1
1580,1579000,3768,49677,47264,1
1581,1580000,4150,42080,53821,1
1582,1581000,6719,33650,58660,1
1583,1582000,11176,25305,61278,1
1584,1583000,17106,17865,61389,1
1585,1584000,23830,12205,58959,1
1586,1585000,30676,8822,54296,1
1587,1586000,36927,8093,47868,1
1588,1587000,41812,10206,40375,1
1589,1588000,44989,14800,32538,1
1590,1589000,46048,21403,25258,1
1591,1590000,44795,29362,19358,1
1592,1591000,41492,37890,15261,1
1593,1592000,36456,45962,13553,1
1594,1593000,30197,52739,14426,1
1595,1594000,23343,57661,17682,1
1596,1595000,16680,60077,23027,1
1597,1596000,10918,59745,29877,1
1598,1597000,6594,56740,37555,1
1599,1598000,4191,51383,45213,1
1600,1599000,3971,44282,51998,1
1601,1600000,5951,36081,57296,1
1602,1601000,9894,27716,60515,1
1603,1602000,15354,20130,61294,1
1604,1603000,21835,13985,59587,1
1605,1604000,28596,9980,55594,1
1606,1605000,34903,8544,49751,1
1607,1606000,40165,9790,42628,1
1608,1607000,43795,13591,35006,1
1609,1608000,45435,19512,27695,1
1610,1609000,44917,26961,21428,1
1611,1610000,42293,35143,16880,1
1612,1611000,37874,43195,14489,1
1613,1612000,32100,50282,14526,1
1614,1613000,25589,55662,16971,1
1615,1614000,19025,58802,21537,1
1616,1615000,13090,59366,27759,1
1617,1616000,8403,57311,34975,1
1618,1617000,5441,52860,42434,1
1619,1618000,4500,46505,49352,1
1620,1619000,5675,38907,55008,1
1621,1620000,8838,30846,58834,1
1622,1621000,13627,23183,60447,1
1623,1622000,19557,16709,59668,1
1624,1623000,26013,12071,56604,1
1625,1624000,32303,9746,51599,1
1626,1625000,37790,9979,45152,1
1627,1626000,41915,12715,37949,1
1628,1627000,44248,17663,30746,1
1629,1628000,44558,24311,24275,1
1630,1629000,42829,31955,19204,1
1631,1630000,39240,39806,16056,1
1632,1631000,34174,47055,15140,1
1633,1632000,28161,52948,16547,1
1634,1633000,21820,56888,20123,1
1635,1634000,15813,58479,25483,1
1636,1635000,10757,57562,32068,1
1637,1636000,7167,54246,39198,1
1638,1637000,5407,48885,46132,1
1639,1638000,5650,42038,52156,1
1640,1639000,7860,34419,56658,1
1641,1640000,11802,26811,59181,1
1642,1641000,17064,19997,59475,1
1643,1642000,23099,14673,57518,1
1644,1643000,29287,11379,53521,1
1645,1644000,34991,10444,47902,1
1646,1645000,39629,11958,41241,1
1647,1646000,42729,15756,34226,1
1648,1647000,43977,21440,27576,1
1649,1648000,43253,28424,21972,1
1650,1649000,40636,35988,17985,1
1651,1650000,36398,43354,16019,1
1652,1651000,30981,49769,16269,1
1653,1652000,24942,54578,18703,1
1654,1653000,18900,57294,23066,1
1655,1654000,13475,57646,28905,1
1656,1655000,9219,55604,35618,1
1657,1656000,6564,51384,42517,1
1658,1657000,5775,45425,48897,1
1659,1658000,6928,38338,54109,1
1660,1659000,9901,30849,57624,1
1661,1660000,14386,23723,59088,1
1662,1661000,19922,17684,58356,1
1663,1662000,25944,13346,55509,1
1664,1663000,31838,11146,50838,1
1665,1664000,37004,11306,44823,1
1666,1665000,40919,13805,38077,1
1667,1666000,43184,18388,31287,1
1668,1667000,43571,24585,25144,1
1669,1668000,42042,31764,20273,1
1670,1669000,38756,39196,17168,1
1671,1670000,34046,46124,16142,1
1672,1671000,28392,51844,17300,1
1673,1672000,22371,55776,20521,1
1674,1673000,16593,57522,25477,1
1675,1674000,11644,56907,31664,1
1676,1675000,8027,53993,38455,1
1677,1676000,6106,49078,45159,1
1678,1677000,6077,42660,51099,1
1679,1678000,7941,35389,55672,1
1680,1679000,11509,28001,58418,1
1681,1680000,16422,21244,59057,1
1682,1681000,22182,15799,57525,1
1683,1682000,28208,12218,53974,1
1684,1683000,33892,10864,48764,1
1685,1684000,38660,11876,42418,1
1686,1685000,42029,15153,35575,1
1687,1686000,43658,20368,28926,1
1688,1687000,43380,26997,23142,1
1689,1688000,41221,34373,18806,1
1690,1689000,37395,41754,16359,1
1691,1690000,32287,48396,16049,1
1692,1691000,26407,53630,17911,1
1693,1692000,20348,56925,21761,1
1694,1693000,14717,57949,27215,1
1695,1694000,10083,56593,33727,1
1696,1695000,6911,52990,40644,1
1697,1696000,5524,47499,47273,1
1698,1697000,6064,40666,52949,1
1699,1698000,8480,33174,57099,1
1700,1699000,12534,25772,59305,1
1701,1700000,17823,19203,59343,1
1702,1701000,23821,14125,57202,1
1703,1702000,29930,11051,53093,1
1704,1703000,35538,10292,47422,1
1705,1704000,40084,11930,40750,1
1706,1705000,43112,15807,33743,1
1707,1706000,44315,21544,27097,1
1708,1707000,43568,28572,21478,1
1709,1708000,40940,36195,17448,1
1710,1709000,36687,43656,15414,1
1711,1710000,31228,50210,15582,1
1712,1711000,25103,55204,17944,1
1713,1712000,18918,58135,22272,1
1714,1713000,13288,58707,28140,1
1715,1714000,8774,56856,34972,1
1716,1715000,5826,52757,42091,1
1717,1716000,4743,46811,48794,1
1718,1717000,5637,39600,54415,1
1719,1718000,8426,31835,58392,1
1720,1719000,12840,24283,60329,1
1721,1720000,18447,17691,60026,1
1722,1721000,24697,12713,57507,1
1723,1722000,30976,9847,53014,1
1724,1723000,36663,9380,46983,1
1725,1724000,41196,11368,40004,1
1726,1725000,44126,15623,32761,1
1727,1726000,45159,21732,25966,1
1728,1727000,44187,29101,20288,1
1729,1728000,41299,37012,16289,1
1730,1729000,36771,44690,14366,1
1731,1730000,31042,51381,14716,1
1732,1731000,24669,56425,17313,1
1733,1732000,18274,59324,21910,1
1734,1733000,12482,59784,28064,1
1735,1734000,7863,57753,35180,1
1736,1735000,4872,53420,42564,1
1737,1736000,3808,47201,49497,1
1738,1737000,4781,39695,55300,1
1739,1738000,7703,31630,59402,1
1740,1739000,12296,23792,61398,1
1741,1740000,18118,16945,61086,1
1742,1741000,24606,11758,58489,1
1743,1742000,31132,8741,53853,1
1744,1743000,37062,8195,47621,1
1745,1744000,41818,10179,40392,1
1746,1745000,44936,14511,32865,1
1747,1746000,46107,20777,25767,1
1748,1747000,45213,28380,19787,1
1749,1748000,42333,36587,15506,1
1750,1749000,37737,44608,13345,1
1751,1750000,31863,51668,13519,1
1752,1751000,25274,57083,16021,1
1753,1752000,18602,60323,20618,1
1754,1753000,12490,61068,26875,1
1755,1754000,7530,59236,34194,1
1756,1755000,4203,54995,41876,1
1757,1756000,2837,48744,49180,1
1758,1757000,3570,41076,55404,1
1759,1758000,6338,32726,59943,1
1760,1759000,10884,24493,62356,1
1761,1760000,16776,17170,62404,1
1762,1761000,23452,11461,60074,1
1763,1762000,30275,7920,55582,1
1764,1763000,36592,6894,49352,1
1765,1764000,41795,8487,41974,1
1766,1765000,45385,12557,34152,1
1767,1766000,47012,18723,26630,1
1768,1767000,46514,26403,20128,1
1769,1768000,43932,34868,15271,1
1770,1769000,39504,43315,12527,1
1771,1770000,33645,50939,12166,1
1772,1771000,26909,57008,14232,1
1773,1772000,19935,60939,18537,1
1774,1773000,13385,62348,24680,1
1775,1774000,7886,61091,32083,1
1776,1775000,3966,57278,40044,1
1777,1776000,2004,51261,47809,1
1778,1777000,2196,43607,54636,1
1779,1778000,4530,35037,59871,1
1780,1779000,8792,26364,63011,1
1781,1780000,14583,18414,63749,1
1782,1781000,21357,11944,62008,1
1783,1782000,28474,7575,57945,1
1784,1783000,35258,5728,51939,1
1785,1784000,41066,6585,44553,1
1786,1785000,45343,10075,36483,1
1787,1786000,47681,15875,28491,1
1788,1787000,47850,23442,21335,1
1789,1788000,45827,32069,15695,1
1790,1789000,41796,40942,12108,1
1791,1790000,36129,49225,10922,1
1792,1791000,29357,56131,12259,1
1793,1792000,22116,60998,16005,1
1794,1793000,15089,63360,21813,1
1795,1794000,8943,62982,29141,1
1796,1795000,4263,59890,37303,1
1797,1796000,1498,54364,45528,1
1798,1797000,918,46920,53038,1
1799,1798000,2586,38254,59119,1
1800,1799000,6351,29184,63189,1
1801,1800000,11865,20566,64856,1
1802,1801000,18612,13219,63954,1
1803,1802000,25957,7841,60560,1
1804,1803000,33207,4947,54988,1
1805,1804000,39677,4819,47756,1
1806,1805000,44753,7479,39544,1
1807,1806000,47951,12682,31123,1
1808,1807000,48962,19948,23288,1
1809,1808000,47684,28596,16781,1
1810,1809000,44229,37814,12222,1
1811,1810000,38917,46735,10047,1
1812,1811000,32241,54515,10471,1
1813,1812000,24827,60414,13462,1
1814,1813000,17375,63868,18749,1
1815,1814000,10586,64541,25840,1
1816,1815000,5108,62360,34071,1
1817,1816000,1462,57519,42667,1
1818,1817000,0,50469,50815,1
1819,1818000,867,41869,57743,1
1820,1819000,3991,32528,62792,1
1821,1820000,9080,23328,65477,1
1822,1821000,15662,15142,65535,1
1823,1822000,23115,8744,62956,1
1824,1823000,30737,4750,57975,1
1825,1824000,37809,3541,51054,1
1826,1825000,43658,5239,42848,1
1827,1826000,47726,9698,34125,1
1828,1827000,49629,16492,25711,1
1829,1828000,49173,24994,18404,1
1830,1829000,46401,34406,12891,1
1831,1830000,41567,43833,9707,1
1832,1831000,35114,52388,9164,1
1833,1832000,27660,59261,11307,1
1834,1833000,19900,63783,15959,1
1835,1834000,12570,65535,22673,1
1836,1835000,6371,64330,30823,1
1837,1836000,1888,60271,39650,1
1838,1837000,5858,61542,31718,1
1839,1838000,5019,52020,31589,1
1840,1839000,11687,47785,32227,1
1841,1840000,14628,36211,32928,1
1842,1841000,14203,42092,26539,1
1843,1842000,21939,44405,33322,1
1844,1843000,24420,45940,28356,1
1845,1844000,22085,45031,32416,1
1846,1845000,20579,44393,27931,1
1847,1846000,21833,44733,33051,1
1848,1847000,20342,46598,31851,1
1849,1848000,19358,44312,34072,1
1850,1849000,18393,44273,33407,1
1851,1850000,18111,44379,37032,1
1852,1851000,18336,43007,37382,1
1853,1852000,17164,41149,39330,1
1854,1853000,17569,39546,39921,1
1855,1854000,18309,38407,42004,1
1856,1855000,19109,36736,42378,1
1857,1856000,19736,34618,42781,1
1858,1857000,20997,33027,42568,1
1859,1858000,22419,32003,42808,1
1860,1859000,23760,31214,41950,1
1861,1860000,24866,30485,41014,1
1862,1861000,25810,30669,39748,1
1863,1862000,26821,31180,38559,1
1864,1863000,27228,31963,37252,1
1865,1864000,27346,32945,36006,1
1866,1865000,27203,34300,34967,1
1867,1866000,26767,35608,34470,1
1868,1867000,25977,37005,33983,1
1869,1868000,25032,38004,34028,1
1870,1869000,23945,39018,34422,1
1871,1870000,22977,39615,35090,1
1872,1871000,21938,39759,36065,1
1873,1872000,21008,39611,37156,1
1874,1873000,20464,39080,38319,1
1875,1874000,20024,38304,39590,1
1876,1875000,19990,37192,40628,1
1877,1876000,20164,35953,41525,1
1878,1877000,20599,34723,42203,1
1879,1878000,21392,33437,42512,1
1880,1879000,22190,32389,42543,1
1881,1880000,23156,31508,42232,1
1882,1881000,24154,30942,41637,1
1883,1882000,25056,30756,40794,1
1884,1883000,25855,30780,39847,1
1885,1884000,26453,31224,38754,1
1886,1885000,26797,31949,37711,1
1887,1886000,26941,32811,36760,1
1888,1887000,26776,33877,35949,1
1889,1888000,26375,34966,35397,1
1890,1889000,25787,36024,35095,1
1891,1890000,25081,36978,35023,1
1892,1891000,24235,37721,35292,1
1893,1892000,23375,38239,35789,1
1894,1893000,22556,38537,36451,1
1895,1894000,21815,38495,37332,1
1896,1895000,21270,38144,38268,1
1897,1896000,20858,37585,39245,1
1898,1897000,20693,36809,40151,1
1899,1898000,20808,35843,40907,1
1900,1899000,21098,34831,41504,1
1901,1900000,21595,33787,41901,1
1902,1901000,22283,32833,41998,1
1903,1902000,23081,32066,41795,1
1904,1903000,23943,31407,41417,1
1905,1904000,24776,31116,40739,1
1906,1905000,25506,31113,39911,1
1907,1906000,26127,31364,38971,1
1908,1907000,26548,31901,37998,1
1909,1908000,26718,32670,37097,1
1910,1909000,26647,33623,36298,1
1911,1910000,26390,34675,35621,1
1912,1911000,25857,35733,35252,1
1913,1912000,25154,36702,35156,1
1914,1913000,24317,37591,35287,1
1915,1914000,23426,38182,35755,1
1916,1915000,22582,38481,36437,1
1917,1916000,21781,38491,37335,1
1918,1917000,21135,38204,38333,1
1919,1918000,20741,37593,39342,1
1920,1919000,20587,36696,40339,1
1921,1920000,20657,35638,41232,1
1922,1921000,21065,34456,41856,1
1923,1922000,21687,33337,42176,1
1924,1923000,22525,32232,42239,1
1925,1924000,23445,31419,41943,1
1926,1925000,24392,30894,41348,1
1927,1926000,25308,30684,40498,1
1928,1927000,26112,30790,39486,1
1929,1928000,26679,31280,38392,1
1930,1929000,26977,32101,37294,1
1931,1930000,27054,33143,36246,1
1932,1931000,26760,34358,35462,1
1933,1932000,26217,35561,34970,1
1934,1933000,25416,36779,34756,1
1935,1934000,24487,37759,34911,1
1936,1935000,23490,38449,35406,1
1937,1936000,22480,38819,36211,1
1938,1937000,21550,38864,37225,1
1939,1938000,20871,38456,38372,1
1940,1939000,20443,37705,39546,1
1941,1940000,20270,36659,40703,1
1942,1941000,20489,35417,41597,1
1943,1942000,20992,34142,42198,1
1944,1943000,21778,32839,42501,1
1945,1944000,22727,31748,42427,1
1946,1945000,23764,30965,41968,1
1947,1946000,24821,30496,41197,1
1948,1947000,25802,30388,40181,1
1949,1948000,26552,30730,39013,1
1950,1949000,27021,31448,37817,1
1951,1950000,27247,32470,36620,1
1952,1951000,27073,33709,35676,1
1953,1952000,26605,34993,35025,1
1954,1953000,25846,36315,34668,1
1955,1954000,24902,37456,34690,1
1956,1955000,23866,38277,35112,1
1957,1956000,22798,38794,35847,1
1958,1957000,21787,38942,36857,1
1959,1958000,21023,38620,38022,1
1960,1959000,20528,37927,39219,1
1961,1960000,20289,36908,40427,1
1962,1961000,20455,35664,41382,1
1963,1962000,20930,34376,42028,1
1964,1963000,21678,33054,42391,1
1965,1964000,22633,31918,42352,1
1966,1965000,23660,31120,41919,1
1967,1966000,24704,30625,41187,1
1968,1967000,25686,30504,40180,1
1969,1968000,26413,30847,39039,1
1970,1969000,26870,31534,37887,1
1971,1970000,27080,32535,36724,1
1972,1971000,26897,33740,35823,1
1973,1972000,26426,34974,35221,1
1974,1973000,25696,36234,34890,1
1975,1974000,24766,37308,34957,1
1976,1975000,23789,38043,35390,1
1977,1976000,22792,38489,36110,1
1978,1977000,21863,38563,37097,1
1979,1978000,21202,38189,38191,1
1980,1979000,20795,37496,39290,1
1981,1980000,20635,36501,40384,1
1982,1981000,20862,35329,41206,1
1983,1982000,21357,34151,41726,1
1984,1983000,22087,32970,41982,1
1985,1984000,23001,31995,41841,1
1986,1985000,23930,31370,41359,1
1987,1986000,24854,31025,40625,1
1988,1987000,25688,31048,39656,1
1989,1988000,26245,31482,38623,1
1990,1989000,26559,32188,37615,1
1991,1990000,26632,33157,36639,1
1992,1991000,26356,34256,35941,1
1993,1992000,25846,35330,35532,1
1994,1993000,25132,36386,35369,1
1995,1994000,24267,37224,35580,1
1996,1995000,23417,37720,36089,1
1997,1996000,22584,37953,36819,1
1998,1997000,21858,37835,37751,1
1999,1998000,21416,37340,38709,1
2000,1999000,21200,36615,39619,1
