1,0,22687,41252,28173,0
2,1000,24350,34064,28794,0
3,2000,27152,26952,29131,0
4,3000,30817,20597,29153,0
5,4000,34994,15633,28854,0
6,5000,39271,12542,28266,0
7,6000,43231,11633,27443,0
8,7000,46484,13006,26467,0
9,8000,48706,16522,25434,0
10,9000,49678,21841,24445,0
11,10000,49304,28436,23599,0
12,11000,47622,35662,22977,0
13,12000,44797,42798,22642,0
14,13000,41110,49149,22626,0
15,14000,36925,54089,22930,0
16,15000,32653,57139,23523,0
17,16000,28712,58010,24346,0
18,17000,25483,56613,25320,0
19,18000,23281,53099,26348,0
20,19000,22319,47805,27331,0
21,20000,22688,41250,28173,0
22,21000,24352,34062,28794,0
23,22000,27153,26950,29131,0
24,23000,30819,20596,29153,0
25,24000,34995,15632,28854,0
26,25000,39273,12542,28265,0
27,26000,43232,11635,27443,0
28,27000,46484,13008,26467,0
29,28000,48706,16524,25434,0
30,29000,49677,21843,24445,0
31,30000,49303,28439,23599,0
32,31000,47620,35664,22977,0
33,32000,44795,42800,22642,0
34,33000,41109,49150,22626,0
35,34000,36924,54089,22930,0
36,35000,32652,57138,23523,0
37,36000,28711,58008,24346,0
38,37000,25482,56611,25320,0
39,38000,23281,53097,26348,0
40,39000,22320,47802,27331,0
41,40000,22689,41247,28173,0
42,41000,24353,34060,28794,0
43,42000,27155,26948,29131,0
44,43000,30820,20594,29152,0
45,44000,34997,15632,28854,0
46,45000,39274,12543,28265,0
47,46000,43233,11636,27443,0
48,47000,46485,13010,26466,0
49,48000,48706,16527,25433,0
50,49000,49676,21846,24445,0
51,50000,49302,28441,23598,0
52,51000,47619,35667,22977,0
53,52000,44794,42801,22642,0
54,53000,41107,49152,22626,0
55,54000,36922,54089,22930,0
56,55000,32650,57138,23524,0
57,56000,28710,58007,24347,0
58,57000,25482,56609,25321,0
59,58000,23282,53094,26348,0
60,59000,22320,47799,27331,0
61,60000,22690,41244,28173,0
62,61000,24355,34057,28794,0
63,62000,27156,26946,29131,0
64,63000,30822,20593,29152,0
65,64000,34998,15632,28853,0
66,65000,39275,12543,28265,0
67,66000,43234,11637,27442,0
68,67000,46485,13012,26466,0
69,68000,48706,16529,25433,0
70,69000,49676,21849,24445,0
71,70000,49301,28444,23598,0
72,71000,47618,35669,22977,0
73,72000,44792,42803,22642,0
74,73000,41106,49153,22626,0
75,74000,36921,54089,22931,0
76,75000,32649,57137,23524,0
77,76000,28709,58006,24347,0
78,77000,25482,56607,25321,0
79,78000,23282,53092,26349,0
80,79000,22321,47797,27331,0
81,80000,22691,41241,28173,0
82,81000,24356,34055,28794,0
83,82000,27158,26944,29131,0
84,83000,30824,20592,29152,0
85,84000,35000,15631,28853,0
86,85000,39276,12544,28264,0
87,86000,43235,11639,27442,0
88,87000,46485,13014,26466,0
89,88000,48706,16532,25433,0
90,89000,49675,21852,24445,0
91,90000,49300,28447,23598,0
92,91000,47616,35671,22977,0
93,92000,44791,42805,22642,0
94,93000,41104,49154,22627,0
95,94000,36919,54090,22931,0
96,95000,32648,57137,23524,0
97,96000,28709,58004,24347,0
98,97000,25481,56605,25321,0
99,98000,23282,53089,26349,0
100,99000,22322,47794,27332,0
101,100000,22692,41239,28174,0
102,101000,24357,34052,28794,0
103,102000,27160,26942,29130,0
104,103000,30825,20591,29152,0
105,104000,35001,15631,28853,0
106,105000,39278,12544,28264,0
107,106000,43236,11640,27441,0
108,107000,46486,13016,26465,0
109,108000,48705,16534,25433,0
110,109000,49674,21854,24444,0
111,110000,49299,28449,23598,0
112,111000,47615,35674,22977,0
113,112000,44789,42807,22643,0
114,113000,41102,49155,22627,0
115,114000,36918,54090,22931,0
116,115000,32647,57136,23525,0
117,116000,28708,58003,24348,0
118,117000,25481,56603,25322,0
119,118000,23282,53087,26349,0
120,119000,22322,47791,27332,0
121,120000,22693,41236,28174,0
122,121000,24359,34050,28794,0
123,122000,27161,26940,29130,0
124,123000,30827,20590,29151,0
125,124000,35003,15631,28852,0
126,125000,39279,12545,28264,0
127,126000,43237,11641,27441,0
128,127000,46486,13018,26465,0
129,128000,48705,16537,25432,0
130,129000,49674,21857,24444,0
131,130000,49298,28452,23598,0
132,131000,47613,35676,22977,0
133,132000,44788,42809,22643,0
134,133000,41101,49156,22627,0
135,134000,36916,54090,22932,0
136,135000,32646,57136,23525,0
137,136000,28707,58002,24348,0
138,137000,25481,56601,25322,0
139,138000,23282,53084,26350,0
140,139000,22323,47789,27332,0
141,140000,22694,41233,28174,0
142,141000,24360,34048,28794,0
143,142000,27163,26938,29130,0
144,143000,30829,20588,29151,0
145,144000,35004,15630,28852,0
146,145000,39280,12545,28263,0
147,146000,43237,11643,27441,0
148,147000,46486,13020,26465,0
149,148000,48705,16539,25432,0
150,149000,49673,21860,24444,0
151,150000,49296,28455,23598,0
152,151000,47612,35678,22977,0
153,152000,44786,42810,22643,0
154,153000,41099,49157,22627,0
155,154000,36915,54090,22932,0
156,155000,32645,57135,23525,0
157,156000,28706,58000,24349,0
158,157000,25480,56599,25323,0
159,158000,23282,53082,26350,0
160,159000,22323,47786,27332,0
161,160000,22695,41231,28174,0
162,161000,24361,34045,28794,0
163,162000,27164,26936,29130,0
164,163000,30830,20587,29151,0
165,164000,35006,15630,28852,0
166,165000,39281,12546,28263,0
167,166000,43238,11644,27440,0
168,167000,46487,13022,26464,0
169,168000,48705,16542,25432,0
170,169000,49672,21862,24444,0
171,170000,49295,28457,23598,0
172,171000,47611,35681,22977,0
173,172000,44785,42812,22643,0
174,173000,41098,49158,22627,0
175,174000,36914,54091,22932,0
176,175000,32643,57134,23526,0
177,176000,28705,57999,24349,0
178,177000,25480,56597,25323,0
179,178000,23283,53079,26350,0
180,179000,22324,47783,27333,0
181,180000,22696,41228,28174,0
182,181000,24363,34043,28794,0
183,182000,27166,26935,29130,0
184,183000,30832,20586,29151,0
185,184000,35007,15630,28852,0
186,185000,39283,12546,28262,0
187,186000,43239,11645,27440,0
188,187000,46487,13024,26464,0
189,188000,48705,16544,25431,0
190,189000,49672,21865,24443,0
191,190000,49294,28460,23598,0
192,191000,47609,35683,22977,0
193,192000,44783,42814,22643,0
194,193000,41096,49159,22628,0
195,194000,36912,54091,22932,0
196,195000,32642,57134,23526,0
197,196000,28705,57998,24349,0
198,197000,25480,56595,25323,0
199,198000,23283,53077,26351,0
200,199000,22325,47781,27333,0
201,200000,22697,41226,28174,0
202,201000,24364,34041,28794,0
203,202000,27167,26933,29130,0
204,203000,30833,20585,29151,0
205,204000,35009,15629,28851,0
206,205000,39284,12547,28262,0
207,206000,43240,11647,27439,0
208,207000,46488,13026,26463,0
209,208000,48705,16547,25431,0
210,209000,49671,21868,24443,0
211,210000,49293,28462,23597,0
212,211000,47608,35685,22977,0
213,212000,44781,42816,22643,0
214,213000,41095,49160,22628,0
215,214000,36911,54091,22933,0
216,215000,32641,57133,23526,0
217,216000,28704,57996,24350,0
218,217000,25479,56593,25324,0
219,218000,23283,53075,26351,0
220,219000,22325,47778,27333,0
221,220000,22698,41223,28174,0
222,221000,24366,34038,28794,0
223,222000,27169,26931,29130,0
224,223000,30835,20584,29150,0
225,224000,35010,15629,28851,0
226,225000,39285,12547,28262,0
227,226000,43241,11648,27439,0
228,227000,46488,13028,26463,0
229,228000,48704,16549,25431,0
230,229000,49670,21870,24443,0
231,230000,49292,28465,23597,0
232,231000,47607,35687,22977,0
233,232000,44780,42817,22643,0
234,233000,41093,49161,22628,0
235,234000,36909,54091,22933,0
236,235000,32640,57133,23527,0
237,236000,28703,57995,24350,0
238,237000,25479,56591,25324,0
239,238000,23283,53072,26351,0
240,239000,22326,47775,27333,0
241,240000,22699,41220,28174,0
242,241000,24367,34036,28794,0
243,242000,27171,26929,29130,0
244,243000,30837,20583,29150,0
245,244000,35012,15629,28851,0
246,245000,39286,12548,28261,0
247,246000,43242,11649,27439,0
248,247000,46488,13030,26463,0
249,248000,48704,16551,25430,0
250,249000,49670,21873,24443,0
251,250000,49291,28468,23597,0
252,251000,47604,35688,22977,0
253,252000,44778,42819,22644,0
254,253000,41091,49160,22629,0
255,254000,36908,54091,22934,0
256,255000,32639,57132,23527,0
257,256000,28702,57993,24351,0
258,257000,25479,56590,25324,0
259,258000,23283,53070,26351,0
260,259000,22327,47773,27333,0
261,260000,22700,41218,28174,0
262,261000,24368,34034,28794,0
263,262000,27172,26927,29130,0
264,263000,30838,20582,29150,0
265,264000,35013,15628,28850,0
266,265000,39287,12548,28261,0
267,266000,43242,11650,27438,0
268,267000,46488,13032,26462,0
269,268000,48704,16554,25430,0
270,269000,49669,21876,24443,0
271,270000,49290,28470,23597,0
272,271000,47604,35692,22977,0
273,272000,44777,42821,22644,0
274,273000,41090,49163,22629,0
275,274000,36907,54092,22934,0
276,275000,32638,57132,23528,0
277,276000,28702,57992,24351,0
278,277000,25479,56587,25325,0
279,278000,23283,53067,26352,0
280,279000,22327,47770,27334,0
281,280000,22701,41215,28175,0
282,281000,24370,34031,28794,0
283,282000,27174,26926,29129,0
284,283000,30840,20580,29150,0
285,284000,35015,15628,28850,0
286,285000,39289,12549,28261,0
287,286000,43243,11652,27438,0
288,287000,46489,13034,26462,0
289,288000,48704,16556,25430,0
290,289000,49668,21878,24442,0
291,290000,49289,28473,23597,0
292,291000,47603,35694,22977,0
293,292000,44775,42822,22644,0
294,293000,41089,49164,22629,0
295,294000,36905,54092,22934,0
296,295000,32637,57131,23528,0
297,296000,28701,57991,24351,0
298,297000,25478,56585,25325,0
299,298000,23284,53065,26352,0
300,299000,22328,47768,27334,0
301,300000,22702,41213,28175,0
302,301000,24371,34029,28794,0
303,302000,27175,26924,29129,0
304,303000,30841,20579,29149,0
305,304000,35016,15628,28850,0
306,305000,39290,12549,28260,0
307,306000,43244,11653,27438,0
308,307000,46489,13036,26462,0
309,308000,48704,16559,25429,0
310,309000,49668,21881,24442,0
311,310000,49288,28475,23597,0
312,311000,47601,35696,22977,0
313,312000,44774,42824,22644,0
314,313000,41087,49165,22629,0
315,314000,36904,54092,22934,0
316,315000,32636,57130,23528,0
317,316000,28700,57990,24352,0
318,317000,25478,56583,25325,0
319,318000,23284,53063,26352,0
320,319000,22329,47765,27334,0
321,320000,22703,41210,28175,0
322,321000,24372,34027,28794,0
323,322000,27177,26922,29129,0
324,323000,30843,20578,29149,0
325,324000,35018,15627,28849,0
326,325000,39291,12550,28260,0
327,326000,43245,11655,27437,0
328,327000,46490,13038,26461,0
329,328000,48704,16561,25429,0
330,329000,49667,21884,24442,0
331,330000,49287,28478,23597,0
332,331000,47600,35699,22977,0
333,332000,44772,42826,22644,0
334,333000,41086,49166,22629,0
335,334000,36902,54092,22935,0
336,335000,32634,57130,23529,0
337,336000,28699,57988,24352,0
338,337000,25478,56581,25326,0
339,338000,23284,53060,26353,0
340,339000,22329,47762,27334,0
341,340000,22704,41207,28175,0
342,341000,24374,34024,28794,0
343,342000,27178,26920,29129,0
344,343000,30844,20577,29149,0
345,344000,35019,15627,28849,0
346,345000,39292,12550,28260,0
347,346000,43246,11656,27437,0
348,347000,46490,13040,26461,0
349,348000,48703,16564,25429,0
350,349000,49667,21886,24442,0
351,350000,49286,28481,23597,0
352,351000,47597,35698,22978,0
353,352000,44770,42826,22645,0
354,353000,41083,49164,22630,0
355,354000,36900,54091,22935,0
356,355000,32633,57129,23529,0
357,356000,28698,57986,24353,0
358,357000,25478,56581,25326,0
359,358000,23285,53059,26353,0
360,359000,22330,47760,27334,0
361,360000,22706,41206,28175,0
362,361000,24375,34022,28794,0
363,362000,27179,26918,29129,0
364,363000,30846,20577,29149,0
365,364000,35020,15626,28849,0
366,365000,39293,12551,28259,0
367,366000,43246,11657,27437,0
368,367000,46490,13042,26461,0
369,368000,48703,16566,25429,0
370,369000,49666,21889,24441,0
371,370000,49285,28483,23597,0
372,371000,47597,35703,22977,0
373,372000,44769,42829,22644,0
374,373000,41083,49168,22630,0
375,374000,36900,54093,22935,0
376,375000,32632,57129,23529,0
377,376000,28698,57986,24353,0
378,377000,25477,56577,25326,0
379,378000,23284,53056,26353,0
380,379000,22330,47757,27335,0
381,380000,22706,41202,28175,0
382,381000,24376,34020,28794,0
383,382000,27181,26917,29129,0
384,383000,30847,20575,29149,0
385,384000,35022,15626,28849,0
386,385000,39294,12551,28259,0
387,386000,43247,11658,27436,0
388,387000,46491,13044,26460,0
389,388000,48703,16568,25428,0
390,389000,49665,21891,24441,0
391,390000,49284,28485,23596,0
392,391000,47596,35705,22977,0
393,392000,44768,42831,22644,0
394,393000,41081,49169,22630,0
395,394000,36898,54093,22935,0
396,395000,32631,57128,23530,0
397,396000,28697,57985,24353,0
398,397000,25477,56575,25327,0
399,398000,23284,53053,26354,0
400,399000,22331,47755,27335,0
401,400000,22707,41200,28175,0
402,401000,24378,34018,28794,0
403,402000,27183,26915,29129,0
404,403000,30849,20574,29148,0
405,404000,35023,15626,28848,0
406,405000,39296,12552,28258,0
407,406000,43248,11660,27436,0
408,407000,46491,13046,26460,0
409,408000,48703,16571,25428,0
410,409000,49665,21894,24441,0
411,410000,49283,28488,23596,0
412,411000,47594,35706,22977,0
413,412000,44766,42832,22644,0
414,413000,41079,49169,22631,0
415,414000,36897,54093,22936,0
416,415000,32630,57127,23530,0
417,416000,28696,57983,24354,0
418,417000,25477,56574,25327,0
419,418000,23284,53051,26354,0
420,419000,22332,47753,27335,0
421,420000,22708,41198,28175,0
422,421000,24379,34015,28794,0
423,422000,27184,26913,29129,0
424,423000,30851,20573,29148,0
425,424000,35025,15625,28848,0
426,425000,39297,12552,28258,0
427,426000,43249,11661,27435,0
428,427000,46491,13048,26460,0
429,428000,48703,16573,25428,0
430,429000,49664,21896,24441,0
431,430000,49282,28490,23596,0
432,431000,47593,35710,22977,0
433,432000,44765,42834,22644,0
434,433000,41078,49171,22630,0
435,434000,36896,54094,22936,0
436,435000,32629,57127,23530,0
437,436000,28696,57982,24354,0
438,437000,25476,56572,25327,0
439,438000,23285,53049,26354,0
440,439000,22332,47750,27335,0
441,440000,22709,41195,28176,0
442,441000,24380,34013,28794,0
443,442000,27186,26911,29129,0
444,443000,30852,20571,29148,0
445,444000,35026,15625,28848,0
446,445000,39298,12553,28258,0
447,446000,43250,11662,27435,0
448,447000,46492,13050,26459,0
449,448000,48703,16575,25427,0
450,449000,49664,21899,24441,0
451,450000,49281,28493,23596,0
452,451000,47591,35711,22977,0
453,452000,44763,42835,22645,0
454,453000,41076,49171,22631,0
455,454000,36894,54093,22937,0
456,455000,32628,57127,23531,0
457,456000,28695,57980,24354,0
458,457000,25476,56571,25328,0
459,458000,23285,53047,26354,0
460,459000,22333,47747,27336,0
461,460000,22711,41193,28175,0
462,461000,24381,34011,28794,0
463,462000,27187,26909,29128,0
464,463000,30854,20571,29148,0
465,464000,35027,15625,28847,0
466,465000,39299,12553,28257,0
467,466000,43250,11663,27435,0
468,467000,46492,13051,26459,0
469,468000,48703,16577,25427,0
470,469000,49663,21901,24440,0
471,470000,49280,28496,23596,0
472,471000,47590,35713,22977,0
473,472000,44762,42837,22645,0
474,473000,41074,49172,22631,0
475,474000,36893,54094,22937,0
476,475000,32627,57126,23531,0
477,476000,28694,57979,24355,0
478,477000,25476,56569,25328,0
479,478000,23285,53044,26355,0
480,479000,22333,47745,27336,0
481,480000,22711,41190,28176,0
482,481000,24383,34009,28794,0
483,482000,27188,26908,29128,0
484,483000,30855,20569,29148,0
485,484000,35029,15624,28847,0
486,485000,39300,12554,28257,0
487,486000,43251,11664,27434,0
488,487000,46492,13053,26458,0
489,488000,48703,16580,25427,0
490,489000,49663,21904,24440,0
491,490000,49279,28498,23596,0
492,491000,47590,35716,22977,0
493,492000,44761,42839,22645,0
494,493000,41074,49174,22631,0
495,494000,36892,54095,22937,0
496,495000,32626,57126,23531,0
497,496000,28693,57979,24355,0
498,497000,25475,56567,25328,0
499,498000,23285,53042,26355,0
500,499000,22334,47743,27336,0
501,500000,22712,41188,28176,0
502,501000,24384,34006,28794,0
503,502000,27190,26906,29128,0
504,503000,30856,20568,29147,0
505,504000,35030,15624,28847,0
506,505000,39301,12554,28257,0
507,506000,43252,11665,27434,0
508,507000,46493,13055,26458,0
509,508000,48703,16582,25426,0
510,509000,49662,21906,24440,0
511,510000,49278,28500,23596,0
512,511000,47588,35718,22977,0
513,512000,44759,42841,22645,0
514,513000,41072,49175,22631,0
515,514000,36890,54095,22937,0
516,515000,32624,57125,23532,0
517,516000,28693,57977,24355,0
518,517000,25475,56565,25329,0
519,518000,23285,53040,26355,0
520,519000,22334,47740,27336,0
521,520000,22713,41185,28176,0
522,521000,24385,34004,28794,0
523,522000,27191,26904,29128,0
524,523000,30858,20567,29147,0
525,524000,35032,15624,28847,0
526,525000,39303,12554,28256,0
527,526000,43253,11667,27434,0
528,527000,46493,13057,26458,0
529,528000,48702,16584,25426,0
530,529000,49661,21909,24440,0
531,530000,49278,28503,23595,0
532,531000,47586,35718,22977,0
533,532000,44757,42841,22645,0
534,533000,41070,49174,22632,0
535,534000,36888,54094,22938,0
536,535000,32624,57125,23532,0
537,536000,28691,57975,24356,0
538,537000,25475,56564,25329,0
539,538000,23286,53038,26355,0
540,539000,22335,47738,27336,0
541,540000,22714,41184,28176,0
542,541000,24386,34002,28794,0
543,542000,27192,26902,29128,0
544,543000,30860,20566,29147,0
545,544000,35033,15623,28846,0
546,545000,39304,12555,28256,0
547,546000,43253,11667,27433,0
548,547000,46493,13058,26457,0
549,548000,48702,16586,25426,0
550,549000,49661,21911,24439,0
551,550000,49276,28505,23596,0
552,551000,47586,35723,22977,0
553,552000,44757,42844,22645,0
554,553000,41070,49178,22631,0
555,554000,36888,54096,22938,0
556,555000,32622,57125,23532,0
557,556000,28691,57975,24356,0
558,557000,25474,56561,25329,0
559,558000,23285,53036,26356,0
560,559000,22335,47735,27337,0
561,560000,22715,41180,28176,0
562,561000,24387,34000,28794,0
563,562000,27194,26901,29128,0
564,563000,30861,20565,29147,0
565,564000,35034,15623,28846,0
566,565000,39305,12555,28256,0
567,566000,43254,11669,27433,0
568,567000,46494,13060,26457,0
569,568000,48702,16589,25426,0
570,569000,49660,21914,24439,0
571,570000,49276,28508,23595,0
572,571000,47584,35723,22977,0
573,572000,44755,42846,22645,0
574,573000,41067,49177,22632,0
575,574000,36886,54095,22938,0
576,575000,32621,57124,23533,0
577,576000,28690,57973,24356,0
578,577000,25474,56560,25330,0
579,578000,23285,53033,26356,0
580,579000,22336,47733,27337,0
581,580000,22716,41178,28176,0
582,581000,24389,33998,28794,0
583,582000,27195,26899,29128,0
584,583000,30862,20564,29147,0
585,584000,35036,15622,28846,0
586,585000,39306,12556,28255,0
587,586000,43255,11670,27433,0
588,587000,46494,13062,26457,0
589,588000,48702,16591,25425,0
590,589000,49660,21916,24439,0
591,590000,49274,28510,23595,0
592,591000,47583,35726,22977,0
593,592000,44753,42846,22646,0
594,593000,41066,49179,22632,0
595,594000,36885,54095,22938,0
596,595000,32620,57124,23533,0
597,596000,28689,57972,24357,0
598,597000,25474,56559,25330,0
599,598000,23286,53032,26356,0
600,599000,22336,47731,27337,0
601,600000,22717,41176,28176,0
602,601000,24390,33996,28794,0
603,602000,27197,26897,29128,0
604,603000,30864,20563,29146,0
605,604000,35037,15622,28846,0
606,605000,39307,12556,28255,0
607,606000,43256,11671,27432,0
608,607000,46495,13064,26456,0
609,608000,48702,16593,25425,0
610,609000,49659,21918,24439,0
611,610000,49274,28512,23595,0
612,611000,47581,35728,22977,0
613,612000,44752,42849,22645,0
614,613000,41064,49179,22632,0
615,614000,36883,54096,22939,0
616,615000,32619,57123,23533,0
617,616000,28688,57971,24357,0
618,617000,25474,56557,25330,0
619,618000,23285,53029,26357,0
620,619000,22337,47729,27337,0
621,620000,22718,41173,28177,0
622,621000,24391,33994,28794,0
623,622000,27198,26895,29128,0
624,623000,30865,20562,29146,0
625,624000,35038,15621,28845,0
626,625000,39308,12556,28255,0
627,626000,43257,11672,27432,0
628,627000,46495,13065,26456,0
629,628000,48702,16595,25425,0
630,629000,49659,21921,24439,0
631,630000,49273,28514,23595,0
632,631000,47581,35731,22977,0
633,632000,44751,42851,22645,0
634,633000,41064,49182,22632,0
635,634000,36883,54097,22939,0
636,635000,32618,57123,23533,0
637,636000,28688,57971,24357,0
638,637000,25473,56554,25331,0
639,638000,23286,53027,26357,0
640,639000,22337,47726,27338,0
641,640000,22718,41171,28177,0
642,641000,24392,33991,28794,0
643,642000,27200,26894,29128,0
644,643000,30867,20560,29146,0
645,644000,35040,15621,28845,0
646,645000,39309,12556,28255,0
647,646000,43258,11673,27431,0
648,647000,46495,13067,26456,0
649,648000,48702,16597,25424,0
650,649000,49658,21923,24438,0
651,650000,49272,28517,23595,0
652,651000,47578,35731,22977,0
653,652000,44749,42851,22646,0
654,653000,41061,49180,22633,0
655,654000,36880,54096,22939,0
656,655000,32617,57122,23534,0
657,656000,28687,57968,24358,0
658,657000,25473,56554,25331,0
659,658000,23286,53026,26357,0
660,659000,22338,47724,27338,0
661,660000,22720,41170,28177,0
662,661000,24394,33989,28794,0
663,662000,27201,26892,29128,0
664,663000,30868,20560,29146,0
665,664000,35041,15620,28845,0
666,665000,39311,12557,28254,0
667,666000,43258,11674,27431,0
668,667000,46496,13069,26455,0
669,668000,48702,16599,25424,0
670,669000,49658,21926,24438,0
671,670000,49271,28519,23595,0
672,671000,47579,35736,22977,0
673,672000,44748,42854,22646,0
674,673000,41061,49184,22633,0
675,674000,36880,54098,22939,0
676,675000,32616,57122,23534,0
677,676000,28687,57969,24358,0
678,677000,25472,56551,25331,0
679,678000,23286,53023,26358,0
680,679000,22338,47721,27338,0
681,680000,22720,41166,28177,0
682,681000,24395,33987,28794,0
683,682000,27202,26890,29127,0
684,683000,30869,20558,29146,0
685,684000,35042,15621,28844,0
686,685000,39312,12557,28254,0
687,686000,43259,11675,27431,0
688,687000,46496,13071,26455,0
689,688000,48702,16601,25424,0
690,689000,49657,21928,24438,0
691,690000,49270,28522,23595,0
692,691000,47576,35735,22977,0
693,692000,44746,42854,22646,0
694,693000,41058,49182,22634,0
695,694000,36878,54096,22940,0
696,695000,32615,57121,23534,0
697,696000,28685,57966,24359,0
698,697000,25473,56551,25331,0
699,698000,23286,53021,26358,0
700,699000,22339,47719,27338,0
701,700000,22722,41165,28177,0
702,701000,24396,33985,28794,0
703,702000,27203,26889,29127,0
704,703000,30871,20558,29145,0
705,704000,35043,15620,28844,0
706,705000,39313,12558,28253,0
707,706000,43260,11676,27431,0
708,707000,46496,13072,26455,0
709,708000,48701,16603,25424,0
710,709000,49657,21930,24438,0
711,710000,49269,28523,23595,0
712,711000,47576,35740,22977,0
713,712000,44746,42857,22646,0
714,713000,41059,49186,22633,0
715,714000,36878,54098,22940,0
716,715000,32614,57121,23535,0
717,716000,28685,57966,24358,0
718,717000,25471,56548,25332,0
719,718000,23286,53019,26358,0
720,719000,22339,47717,27338,0
721,720000,22722,41161,28177,0
722,721000,24397,33983,28794,0
723,722000,27205,26887,29127,0
724,723000,30872,20556,29145,0
725,724000,35045,15620,28844,0
726,725000,39314,12558,28253,0
727,726000,43261,11678,27430,0
728,727000,46497,13074,26454,0
729,728000,48702,16606,25423,0
730,729000,49656,21932,24438,0
731,730000,49268,28527,23594,0
732,731000,47574,35739,22977,0
733,732000,44743,42857,22646,0
734,733000,41056,49184,22634,0
735,734000,36875,54097,22941,0
736,735000,32613,57120,23535,0
737,736000,28684,57964,24359,0
738,737000,25472,56547,25332,0
739,738000,23287,53017,26358,0
740,739000,22340,47715,27338,0
741,740000,22723,41160,28177,0
742,741000,24398,33981,28794,0
743,742000,27206,26885,29127,0
744,743000,30874,20555,29145,0
745,744000,35046,15619,28844,0
746,745000,39315,12559,28253,0
747,746000,43261,11678,27430,0
748,747000,46497,13075,26454,0
749,748000,48701,16607,25423,0
750,749000,49656,21935,24437,0
751,750000,49267,28528,23594,0
752,751000,47574,35744,22977,0
753,752000,44743,42860,22646,0
754,753000,41056,49188,22633,0
755,754000,36875,54099,22940,0
756,755000,32612,57120,23535,0
757,756000,28684,57964,24359,0
758,757000,25471,56544,25333,0
759,758000,23286,53015,26359,0
760,759000,22340,47712,27339,0
761,760000,22724,41157,28178,0
762,761000,24399,33979,28794,0
763,762000,27208,26884,29127,0
764,763000,30875,20554,29145,0
765,764000,35048,15619,28843,0
766,765000,39316,12559,28253,0
767,766000,43262,11680,27429,0
768,767000,46497,13077,26454,0
769,768000,48701,16610,25423,0
770,769000,49655,21937,24437,0
771,770000,49267,28531,23594,0
772,771000,47571,35743,22977,0
773,772000,44741,42860,22647,0
774,773000,41053,49186,22634,0
775,774000,36873,54097,22941,0
776,775000,32611,57120,23536,0
777,776000,28682,57962,24360,0
778,777000,25471,56544,25332,0
779,778000,23287,53013,26359,0
780,779000,22341,47710,27339,0
781,780000,22725,41156,28177,0
782,781000,24401,33977,28794,0
783,782000,27209,26882,29127,0
784,783000,30877,20553,29145,0
785,784000,35049,15618,28843,0
786,785000,39317,12559,28252,0
787,786000,43263,11680,27429,0
788,787000,46498,13079,26454,0
789,788000,48701,16612,25423,0
790,789000,49655,21939,24437,0
791,790000,49265,28533,23594,0
792,791000,47572,35748,22977,0
793,792000,44741,42864,22646,0
794,793000,41053,49190,22634,0
795,794000,36873,54099,22941,0
796,795000,32610,57119,23536,0
797,796000,28683,57962,24360,0
798,797000,25470,56541,25333,0
799,798000,23286,53010,26359,0
800,799000,22341,47708,27339,0
801,800000,22725,41152,28178,0
802,801000,24402,33975,28794,0
803,802000,27210,26881,29127,0
804,803000,30878,20552,29145,0
805,804000,35050,15618,28843,0
806,805000,39318,12559,28252,0
807,806000,43264,11682,27429,0
808,807000,46498,13081,26453,0
809,808000,48701,16614,25422,0
810,809000,49654,21942,24437,0
811,810000,49265,28536,23594,0
812,811000,47569,35747,22977,0
813,812000,44738,42864,22647,0
814,813000,41050,49188,22635,0
815,814000,36870,54098,22942,0
816,815000,32609,57119,23536,0
817,816000,28681,57960,24360,0
818,817000,25471,56541,25333,0
819,818000,23287,53009,26359,0
820,819000,22342,47706,27339,0
821,820000,22727,41151,28178,0
822,821000,24403,33973,28794,0
823,822000,27211,26879,29127,0
824,823000,30879,20551,29144,0
825,824000,35051,15617,28843,0
826,825000,39319,12560,28252,0
827,826000,43264,11682,27429,0
828,827000,46498,13082,26453,0
829,828000,48701,16616,25422,0
830,829000,49654,21944,24437,0
831,830000,49264,28537,23594,0
832,831000,47570,35752,22976,0
833,832000,44738,42867,22646,0
834,833000,41051,49192,22634,0
835,834000,36870,54100,22941,0
836,835000,32608,57119,23537,0
837,836000,28681,57960,24360,0
838,837000,25470,56538,25334,0
839,838000,23286,53006,26360,0
840,839000,22342,47703,27340,0
841,840000,22727,41148,28178,0
842,841000,24404,33971,28794,0
843,842000,27213,26877,29127,0
844,843000,30880,20550,29144,0
845,844000,35053,15618,28842,0
846,845000,39320,12560,28251,0
847,846000,43265,11684,27428,0
848,847000,46499,13084,26453,0
849,848000,48701,16618,25422,0
850,849000,49653,21946,24436,0
851,850000,49263,28540,23594,0
852,851000,47567,35751,22977,0
853,852000,44736,42867,22647,0
854,853000,41048,49190,22635,0
855,854000,36868,54099,22942,0
856,855000,32607,57118,23537,0
857,856000,28680,57957,24361,0
858,857000,25470,56538,25334,0
859,858000,23287,53005,26360,0
860,859000,22343,47701,27340,0
861,860000,22728,41147,28178,0
862,861000,24405,33969,28794,0
863,862000,27214,26876,29127,0
864,863000,30882,20549,29144,0
865,864000,35054,15616,28842,0
866,865000,39321,12561,28251,0
867,866000,43266,11684,27428,0
868,867000,46499,13085,26452,0
869,868000,48701,16620,25421,0
870,869000,49653,21948,24436,0
871,870000,49262,28542,23594,0
872,871000,47566,35754,22977,0
873,872000,44735,42869,22647,0
874,873000,41047,49192,22635,0
875,874000,36867,54100,22942,0
876,875000,32606,57118,23537,0
877,876000,28679,57957,24361,0
878,877000,25469,56536,25334,0
879,878000,23287,53003,26360,0
880,879000,22344,47699,27340,0
881,880000,22729,41144,28178,0
882,881000,24406,33967,28794,0
883,882000,27215,26874,29127,0
884,883000,30883,20548,29144,0
885,884000,35055,15616,28842,0
886,885000,39322,12561,28251,0
887,886000,43266,11686,27428,0
888,887000,46500,13087,26452,0
889,888000,48701,16622,25421,0
890,889000,49652,21950,24436,0
891,890000,49261,28544,23594,0
892,891000,47566,35756,22977,0
893,892000,44733,42870,22647,0
894,893000,41046,49193,22635,0
895,894000,36866,54100,22942,0
896,895000,32605,57118,23537,0
897,896000,28679,57956,24361,0
898,897000,25469,56534,25334,0
899,898000,23287,53001,26360,0
900,899000,22344,47697,27340,0
901,900000,22730,41142,28178,0
902,901000,24407,33965,28794,0
903,902000,27217,26872,29127,0
904,903000,30884,20547,29144,0
905,904000,35056,15616,28842,0
906,905000,39323,12561,28250,0
907,906000,43267,11686,27427,0
908,907000,46500,13088,26452,0
909,908000,48701,16624,25421,0
910,909000,49652,21953,24436,0
911,910000,49261,28546,23593,0
912,911000,47564,35758,22977,0
913,912000,44733,42872,22647,0
914,913000,41044,49194,22635,0
915,914000,36865,54101,22942,0
916,915000,32604,57117,23538,0
917,916000,28678,57955,24362,0
918,917000,25469,56533,25335,0
919,918000,23287,52999,26361,0
920,919000,22344,47695,27340,0
921,920000,22730,41140,28178,0
922,921000,24408,33963,28794,0
923,922000,27218,26871,29127,0
924,923000,30886,20546,29144,0
925,924000,35058,15616,28841,0
926,925000,39324,12561,28250,0
927,926000,43268,11688,27427,0
928,927000,46500,13090,26451,0
929,928000,48701,16626,25421,0
930,929000,49651,21955,24436,0
931,930000,49260,28549,23593,0
932,931000,47562,35759,22977,0
933,932000,44731,42873,22647,0
934,933000,41043,49194,22636,0
935,934000,36863,54100,22943,0
936,935000,32603,57117,23538,0
937,936000,28677,57954,24362,0
938,937000,25469,56532,25335,0
939,938000,23287,52998,26361,0
940,939000,22345,47693,27340,0
941,940000,22732,41138,28178,0
942,941000,24409,33961,28794,0
943,942000,27219,26869,29127,0
944,943000,30887,20545,29143,0
945,944000,35059,15615,28841,0
946,945000,39326,12562,28250,0
947,946000,43269,11688,27427,0
948,947000,46501,13091,26451,0
949,948000,48701,16628,25420,0
950,949000,49651,21957,24435,0
951,950000,49259,28550,23593,0
952,951000,47563,35763,22976,0
953,952000,44730,42876,22647,0
954,953000,41043,49197,22635,0
955,954000,36863,54102,22943,0
956,955000,32602,57117,23538,0
957,956000,28677,57954,24362,0
958,957000,25468,56529,25336,0
959,958000,23287,52995,26361,0
960,959000,22345,47690,27341,0
961,960000,22732,41135,28179,0
962,961000,24410,33959,28795,0
963,962000,27220,26868,29126,0
964,963000,30888,20543,29143,0
965,964000,35060,15615,28841,0
966,965000,39326,12562,28250,0
967,966000,43269,11690,27426,0
968,967000,46501,13093,26451,0
969,968000,48701,16630,25420,0
970,969000,49650,21959,24435,0
971,970000,49258,28553,23593,0
972,971000,47560,35762,22977,0
973,972000,44728,42876,22647,0
974,973000,41040,49195,22636,0
975,974000,36861,54100,22943,0
976,975000,32601,57116,23539,0
977,976000,28675,57952,24363,0
978,977000,25468,56529,25335,0
979,978000,23287,52994,26361,0
980,979000,22346,47688,27341,0
981,980000,22733,41134,28179,0
982,981000,24412,33957,28794,0
983,982000,27221,26866,29126,0
984,983000,30890,20543,29143,0
985,984000,35061,15614,28841,0
986,985000,39328,12562,28249,0
987,986000,43270,11690,27426,0
988,987000,46501,13094,26450,0
989,988000,48700,16631,25420,0
990,989000,49650,21961,24435,0
991,990000,49257,28555,23593,0
992,991000,47559,35765,22977,0
993,992000,44727,42877,22648,0
994,993000,41039,49197,22636,0
995,994000,36860,54101,22944,0
996,995000,32600,57116,23539,0
997,996000,28675,57951,24363,0
998,997000,25468,56527,25336,0
999,998000,23287,52992,26362,0
1000,999000,22346,47686,27341,0
1001,1000000,28002,50044,25647,0
1002,1001000,17885,22920,29999,1
1003,1002000,25823,24498,35567,1
1004,1003000,35783,27902,40682,1
1005,1004000,33324,10814,48396,1
1006,1005000,39781,10260,54707,1
1007,1006000,49879,18066,59090,1
1008,1007000,48180,11141,63906,1
1009,1008000,47904,12707,65535,1
1010,1009000,48893,20938,65313,1
1011,1010000,42699,21617,63456,1
1012,1011000,35778,23451,58626,1
1013,1012000,31202,29535,52562,1
1014,1013000,23290,29682,45198,1
1015,1014000,14897,28110,37037,1
1016,1015000,10325,30009,29611,1
1017,1016000,5480,28166,22813,1
1018,1017000,2062,23376,17449,1
1019,1018000,3647,21055,14219,1
1020,1019000,7588,17714,12879,1
1021,1020000,12277,12279,13822,1
1022,1021000,19844,10707,16950,1
1023,1022000,27756,10295,21673,1
1024,1023000,34451,9241,27806,1
1025,1024000,41377,10616,34625,1
1026,1025000,47716,13347,41302,1
1027,1026000,51584,15293,47298,1
1028,1027000,53637,19183,51768,1
1029,1028000,53343,24029,54321,1
1030,1029000,49841,28403,54872,1
1031,1030000,44382,32724,53151,1
1032,1031000,37835,36311,49452,1
1033,1032000,30290,38011,44074,1
1034,1033000,22843,38355,37335,1
1035,1034000,16124,37715,30090,1
1036,1035000,10209,35765,22963,1
1037,1036000,6000,32577,16638,1
1038,1037000,4196,28465,11830,1
1039,1038000,5169,23549,8869,1
1040,1039000,8899,18420,7976,1
1041,1040000,14816,14116,9220,1
1042,1041000,22144,11053,12474,1
1043,1042000,29979,9622,17438,1
1044,1043000,37604,9578,23696,1
1045,1044000,44686,10802,30635,1
1046,1045000,50657,13103,37471,1
1047,1046000,54900,16347,43501,1
1048,1047000,56802,20682,48089,1
1049,1048000,55971,25858,50770,1
1050,1049000,52350,31177,51369,1
1051,1050000,46559,36058,49827,1
1052,1051000,39415,39908,46268,1
1053,1052000,31615,42170,41012,1
1054,1053000,23839,42875,34527,1
1055,1054000,16665,42258,27449,1
1056,1055000,10490,40302,20502,1
1057,1056000,5984,36965,14426,1
1058,1057000,3940,32450,9811,1
1059,1058000,4728,26992,7061,1
1060,1059000,8354,21218,6397,1
1061,1060000,14323,16111,7827,1
1062,1061000,21790,12210,11243,1
1063,1062000,29857,9865,16364,1
1064,1063000,37927,9119,22724,1
1065,1064000,45436,9721,29702,1
1066,1065000,51840,11529,36558,1
1067,1066000,56554,14665,42554,1
1068,1067000,58831,19132,47067,1
1069,1068000,58205,24550,49684,1
1070,1069000,54736,30468,50193,1
1071,1070000,48959,36093,48565,1
1072,1071000,41613,40692,44949,1
1073,1072000,33537,43856,39655,1
1074,1073000,25385,45468,33164,1
1075,1074000,17662,45531,26124,1
1076,1075000,10934,44135,19259,1
1077,1076000,5906,41176,13296,1
1078,1077000,3312,36639,8835,1
1079,1078000,3680,30922,6266,1
1080,1079000,7042,24676,5786,1
1081,1080000,12854,18755,7410,1
1082,1081000,20352,13895,11005,1
1083,1082000,28683,10545,16270,1
1084,1083000,37139,8714,22735,1
1085,1084000,45173,8345,29762,1
1086,1085000,52216,9433,36609,1
1087,1086000,57541,12089,42542,1
1088,1087000,60376,16372,46950,1
1089,1088000,60231,21995,49430,1
1090,1089000,57080,28379,49785,1
1091,1090000,51439,34712,48004,1
1092,1091000,44067,40263,44245,1
1093,1092000,35763,44475,38835,1
1094,1093000,27193,47137,32271,1
1095,1094000,18929,48207,25204,1
1096,1095000,11568,47615,18369,1
1097,1096000,5867,45179,12491,1
1098,1097000,2661,40879,8158,1
1099,1098000,2507,35055,5752,1
1100,1099000,5472,28365,5457,1
1101,1100000,11077,21728,7272,1
1102,1101000,18560,15923,11047,1
1103,1102000,27075,11459,16467,1
1104,1103000,35921,8491,23044,1
1105,1104000,44501,7058,30126,1
1106,1105000,52182,7258,36969,1
1107,1106000,58179,9316,42839,1
1108,1107000,61648,13325,47137,1
1109,1108000,62033,19010,49472,1
1110,1109000,59278,25785,49659,1
1111,1110000,53859,32797,47705,1
1112,1111000,46511,39245,43781,1
1113,1112000,38031,44508,38230,1
1114,1113000,29093,48274,31565,1
1115,1114000,20301,50387,24448,1
1116,1115000,12312,50670,17620,1
1117,1116000,5951,48865,11803,1
1118,1117000,2110,44886,7579,1
1119,1118000,1408,39053,5320,1
1120,1119000,3953,32037,5195,1
1121,1120000,9304,24771,7191,1
1122,1121000,16721,18097,11142,1
1123,1122000,25375,12597,16715,1
1124,1123000,34553,8525,23407,1
1125,1124000,43627,6037,30553,1
1126,1125000,51910,5345,37404,1
1127,1126000,58545,6752,43226,1
1128,1127000,62631,10408,47429,1
1129,1128000,63556,16062,49631,1
1130,1129000,61218,23112,49662,1
1131,1130000,56059,30680,47542,1
1132,1131000,48793,37915,43456,1
1133,1132000,40200,44125,37762,1
1134,1133000,30967,48914,30988,1
1135,1134000,21723,52025,23806,1
1136,1135000,13175,53176,16965,1
1137,1136000,6209,52030,11186,1
1138,1137000,1776,48445,7045,1
1139,1138000,544,42713,4907,1
1140,1139000,2663,35501,4928,1
1141,1140000,7729,27761,7084,1
1142,1141000,15027,20375,11196,1
1143,1142000,23744,13986,16916,1
1144,1143000,33165,8937,23723,1
1145,1144000,42638,5482,30942,1
1146,1145000,51428,3934,37818,1
1147,1146000,58624,4675,43616,1
1148,1147000,63270,7907,47751,1
1149,1148000,64705,13410,49851,1
1150,1149000,62788,20580,49753,1
1151,1150000,57922,28525,47489,1
1152,1151000,50799,36359,43256,1
1153,1152000,42182,43341,37427,1
1154,1153000,32758,49002,30541,1
1155,1154000,23176,53000,23283,1
1156,1155000,14183,54965,16407,1
1157,1156000,6711,54486,10637,1
1158,1157000,1759,51365,6546,1
1159,1158000,40,45863,4492,1
1160,1159000,1741,38630,4625,1
1161,1160000,6493,30621,6911,1
1162,1161000,13609,22743,11161,1
1163,1162000,22295,15679,17013,1
1164,1163000,31840,9840,23934,1
1165,1164000,41577,5559,31237,1
1166,1165000,50743,3232,38159,1
1167,1166000,58383,3313,43965,1
1168,1167000,63499,6055,48070,1
1169,1168000,65390,11269,50106,1
1170,1169000,63877,18367,49919,1
1171,1170000,59333,26459,47546,1
1172,1171000,52420,34644,43193,1
1173,1172000,43885,42154,37243,1
1174,1173000,34403,48472,30248,1
1175,1174000,24635,53193,22902,1
1176,1175000,15346,55879,15968,1
1177,1176000,7503,56052,10171,1
1178,1177000,2139,53464,6087,1
1179,1178000,0,48334,4072,1
1180,1179000,1306,41289,4273,1
1181,1180000,5718,33265,6650,1
1182,1181000,12579,25168,11007,1
1183,1182000,21120,17703,16972,1
1184,1183000,30643,11317,24002,1
1185,1184000,40482,6399,31399,1
1186,1185000,49857,3404,38393,1
1187,1186000,57793,2845,44244,1
1188,1187000,63262,5025,48364,1
1189,1188000,65535,9795,50386,1
1190,1189000,64402,16600,50157,1
1191,1190000,60207,24568,47717,1
1192,1191000,53582,32810,43277,1
1193,1192000,45248,40558,37227,1
1194,1193000,35865,47276,30128,1
1195,1194000,26084,52521,22682,1
1196,1195000,16676,55809,15662,1
1197,1196000,8620,56610,9800,1
1198,1197000,2967,54627,5676,1
1199,1198000,486,50030,3648,1
1200,1199000,1424,43402,3866,1
1201,1200000,5470,35645,6289,1
1202,1201000,11999,27638,10717,1
1203,1202000,20270,20077,16774,1
1204,1203000,29610,13415,23907,1
1205,1204000,39369,8068,31410,1
1206,1205000,48772,4530,38503,1
1207,1206000,56841,3357,44438,1
1208,1207000,62537,4904,48623,1
1209,1208000,65110,9069,50684,1
1210,1209000,64328,15344,50464,1
1211,1210000,60507,22901,48002,1
1212,1211000,54248,30890,43511,1
1213,1212000,46242,38568,37383,1
1214,1213000,37120,45412,30186,1
1215,1214000,27509,50968,22630,1
1216,1215000,18165,54730,15498,1
1217,1216000,10061,56128,9531,1
1218,1217000,4249,54815,5317,1
1219,1218000,1511,50907,3224,1
1220,1219000,2115,44926,3407,1
1221,1220000,5774,37720,5830,1
1222,1221000,11896,30114,10292,1
1223,1222000,19776,22765,16417,1
1224,1223000,28774,16107,23645,1
1225,1224000,38272,10551,31263,1
1226,1225000,47521,6607,38480,1
1227,1226000,55556,4864,44539,1
1228,1227000,61345,5719,48835,1
1229,1228000,64129,9133,50986,1
1230,1229000,63660,14657,50827,1
1231,1230000,60228,21527,48391,1
1232,1231000,54403,28958,43887,1
1233,1232000,46840,36261,37706,1
1234,1233000,38133,42952,30420,1
1235,1234000,28867,48598,22747,1
1236,1235000,19768,52689,15478,1
1237,1236000,11780,54633,9370,1
1238,1237000,5944,54033,5021,1
1239,1238000,3042,50944,2813,1
1240,1239000,3356,45818,2911,1
1241,1240000,6621,39422,5286,1
1242,1241000,12277,32508,9746,1
1243,1242000,19659,25669,15912,1
1244,1243000,28172,19288,23224,1
1245,1244000,37241,13747,30961,1
1246,1245000,46163,9543,38323,1
1247,1246000,54005,7289,44538,1
1248,1247000,59756,7426,48989,1
1249,1248000,62659,9973,51278,1
1250,1249000,62453,14561,51228,1
1251,1250000,59411,20506,48862,1
1252,1251000,54068,27109,44380,1
1253,1252000,47042,33760,38173,1
1254,1253000,38878,40041,30810,1
1255,1254000,30111,45563,23017,1
1256,1255000,21415,49839,15596,1
1257,1256000,13694,52256,9317,1
1258,1257000,7959,52382,4797,1
1259,1258000,4986,50204,2431,1
1260,1259000,5062,46087,2399,1
1261,1260000,7940,40711,4686,1
1262,1261000,13096,34730,9107,1
1263,1262000,19904,28654,15289,1
1264,1263000,27820,22789,22671,1
1265,1264000,36327,17464,30527,1
1266,1265000,44779,13145,38047,1
1267,1266000,52293,10457,44442,1
1268,1267000,57886,9881,49078,1
1269,1268000,60818,11495,51542,1
1270,1269000,60821,15024,51639,1
1271,1270000,58152,19870,49381,1
1272,1271000,53312,25440,44955,1
1273,1272000,46881,31220,38745,1
1274,1273000,39350,36880,31320,1
1275,1274000,31196,42093,23411,1
1276,1275000,23026,46414,15830,1
1277,1276000,15691,49222,9363,1
1278,1277000,10165,50046,4645,1
1279,1278000,7205,48816,2091,1
1280,1279000,7102,45796,1898,1
1281,1280000,9618,41575,4064,1
1282,1281000,14267,36693,8417,1
1283,1282000,20462,31562,14590,1
1284,1283000,27713,26395,22027,1
1285,1284000,35570,21452,29996,1
1286,1285000,43451,17149,37677,1
1287,1286000,50536,14118,44263,1
1288,1287000,55880,12872,49103,1
1289,1288000,58763,13543,51765,1
1290,1289000,58914,15961,52036,1
1291,1290000,56587,19614,49911,1
1292,1291000,52241,24032,45566,1
1293,1292000,46423,28799,39376,1
1294,1293000,39569,33691,31905,1
1295,1294000,32089,38455,23889,1
1296,1295000,24521,42700,16149,1
1297,1296000,17650,45807,9489,1
1298,1297000,12412,47268,4563,1
1299,1298000,9534,46967,1805,1
1300,1299000,9311,45056,1431,1
1301,1300000,11506,42039,3456,1
1302,1301000,15672,38333,7720,1
1303,1302000,21255,34247,13866,1
1304,1303000,27824,29888,21342,1
1305,1304000,34993,25440,29412,1
1306,1305000,42256,21263,37246,1
1307,1306000,48855,17979,44023,1
1308,1307000,53886,16138,49070,1
1309,1308000,56661,15912,51938,1
1310,1309000,56906,17243,52394,1
1311,1310000,54873,19699,50417,1
1312,1311000,50985,22933,46169,1
1313,1312000,45760,26634,40014,1
1314,1313000,39577,30687,32513,1
1315,1314000,32780,34918,24403,1
1316,1315000,25836,38995,16515,1
1317,1316000,19462,42311,9670,1
1318,1317000,14558,44323,4540,1
1319,1318000,11810,44881,1578,1
1320,1319000,11519,44018,1020,1
1321,1320000,13442,42171,2895,1
1322,1321000,17174,39623,7059,1
1323,1322000,22185,36593,13165,1
1324,1323000,28101,33076,20664,1
1325,1324000,34601,29173,28821,1
1326,1325000,41248,25196,36794,1
1327,1326000,47353,21744,43748,1
1328,1327000,52042,19404,48992,1
1329,1328000,54674,18374,52059,1
1330,1329000,54965,18710,52695,1
1331,1330000,53174,20042,50868,1
1332,1331000,49687,22151,46722,1
1333,1332000,44999,24821,40613,1
1334,1333000,39436,28043,33095,1
1335,1334000,33279,31723,24907,1
1336,1335000,26930,35577,16889,1
1337,1336000,21040,39025,9877,1
1338,1337000,16478,41483,4561,1
1339,1338000,13883,42789,1408,1
1340,1339000,13565,42854,677,1
1341,1340000,15270,42066,2407,1
1342,1341000,18633,40580,6472,1
1343,1342000,23142,38530,12531,1
1344,1343000,28475,35807,20042,1
1345,1344000,34372,32443,28268,1
1346,1345000,40456,28699,36360,1
1347,1346000,46100,25148,43468,1
1348,1347000,50459,22413,48886,1
1349,1348000,52939,20704,52131,1
1350,1349000,53242,20190,52932,1
1351,1350000,51641,20540,51242,1
1352,1351000,48484,21661,47194,1
1353,1352000,44250,23412,41131,1
1354,1353000,39220,25884,33606,1
1355,1354000,33617,29051,25357,1
1356,1355000,27789,32669,17233,1
1357,1356000,22329,36189,10080,1
1358,1357000,18080,38994,4605,1
1359,1358000,15635,40906,1288,1
1360,1359000,15314,41738,406,1
1361,1360000,16856,41838,2009,1
1362,1361000,19923,41248,5983,1
1363,1362000,24023,40031,11998,1
1364,1363000,28877,37993,19513,1
1365,1364000,34272,35099,27791,1
1366,1365000,39884,31581,35977,1
1367,1366000,45141,27980,43211,1
1368,1367000,49214,24951,48771,1
1369,1368000,51555,22710,52164,1
1370,1369000,51854,21523,53101,1
1371,1370000,50392,21085,51527,1
1372,1371000,47489,21409,47561,1
1373,1372000,43610,22417,41541,1
1374,1373000,38998,24276,34015,1
1375,1374000,33833,27021,25722,1
1376,1375000,28420,30429,17516,1
1377,1376000,23301,33983,10253,1
1378,1377000,19307,37035,4654,1
1379,1378000,16988,39404,1208,1
1380,1379000,16675,40816,206,1
1381,1380000,18099,41591,1709,1
1382,1381000,20949,41686,5610,1
1383,1382000,24745,41106,11586,1
1384,1383000,29239,39591,19101,1
1385,1384000,34262,37059,27417,1
1386,1385000,39523,33728,35671,1
1387,1386000,44491,30102,42997,1
1388,1387000,48348,26871,48663,1
1389,1388000,50584,24254,52165,1
1390,1389000,50876,22586,53204,1
1391,1390000,49508,21586,51717,1
1392,1391000,46782,21339,47813,1
1393,1392000,43151,21817,41827,1
1394,1393000,38830,23244,34302,1
1395,1394000,33967,25689,25979,1
1396,1395000,28838,28939,17717,1
1397,1396000,23953,32511,10380,1
1398,1397000,20136,35722,4694,1
1399,1398000,17901,38392,1159,1
1400,1399000,17596,40184,74,1
1401,1400000,18945,41405,1507,1
1402,1401000,21655,41948,5358,1
1403,1402000,25256,41778,11307,1
1404,1403000,29523,40598,18821,1
1405,1404000,34313,38299,27160,1
1406,1405000,39357,35088,35456,1
1407,1406000,44148,31453,42840,1
1408,1407000,47875,28106,48571,1
1409,1408000,50048,25268,52142,1
1410,1409000,50335,23320,53244,1
1411,1410000,49022,21992,51812,1
1412,1411000,46394,21417,47947,1
1413,1412000,42901,21596,41983,1
1414,1413000,38738,22780,34461,1
1415,1414000,34035,25058,26122,1
1416,1415000,29056,28218,17831,1
1417,1416000,24292,31792,10452,1
1418,1417000,20565,35079,4720,1
1419,1418000,18373,37893,1136,1
1420,1419000,18072,39869,7,1
1421,1420000,19386,41302,1402,1
1422,1421000,22033,42051,5226,1
1423,1422000,25548,42066,11160,1
1424,1423000,29720,41032,18670,1
1425,1424000,34417,38833,27017,1
1426,1425000,39376,35680,35331,1
1427,1426000,44101,32050,42739,1
1428,1427000,47780,28670,48497,1
1429,1428000,49933,25762,52097,1
1430,1429000,50216,23729,53226,1
1431,1430000,48918,22300,51816,1
1432,1431000,46315,21630,47969,1
1433,1432000,42852,21730,42015,1
1434,1433000,38722,22853,34498,1
1435,1434000,34046,25089,26157,1
1436,1435000,29088,28221,17861,1
1437,1436000,24339,31782,10475,1
1438,1437000,20622,35062,4733,1
1439,1438000,18434,37877,1138,1
1440,1439000,18137,39849,0,1
1441,1440000,19455,41277,1386,1
1442,1441000,22110,42011,5203,1
1443,1442000,25642,42002,11132,1
1444,1443000,29838,40944,18638,1
1445,1444000,34568,38729,26980,1
1446,1445000,39563,35575,35287,1
1447,1446000,44322,31966,42688,1
1448,1447000,48026,28631,48439,1
1449,1448000,50193,25793,52032,1
1450,1449000,50473,23848,53155,1
1451,1450000,49152,22525,51741,1
1452,1451000,46506,21968,47892,1
1453,1452000,42979,22179,41939,1
1454,1453000,38768,23398,34428,1
1455,1454000,34002,25698,26099,1
1456,1455000,28955,28853,17820,1
1457,1456000,24130,32385,10454,1
1458,1457000,20357,35585,4734,1
1459,1458000,18143,38271,1162,1
1460,1459000,17850,40078,44,1
1461,1460000,19207,41311,1446,1
1462,1461000,21936,41840,5275,1
1463,1462000,25571,41634,11207,1
1464,1463000,29895,40411,18705,1
1465,1464000,34763,38085,27030,1
1466,1465000,39894,34888,35311,1
1467,1466000,44767,31318,42678,1
1468,1467000,48556,28097,48393,1
1469,1468000,50761,25446,51949,1
1470,1469000,51036,23738,53040,1
1471,1470000,49659,22688,51599,1
1472,1471000,46910,22414,47733,1
1473,1472000,43241,22891,41775,1
1474,1473000,38857,24329,34272,1
1475,1474000,33909,26774,25967,1
1476,1475000,28685,29986,17722,1
1477,1476000,23714,33469,10400,1
1478,1477000,19836,36527,4729,1
1479,1478000,17573,38978,1205,1
1480,1479000,17290,40489,130,1
1481,1480000,18718,41380,1568,1
1482,1481000,21572,41556,5420,1
1483,1482000,25381,41021,11360,1
1484,1483000,29912,39528,18849,1
1485,1484000,34998,37025,27146,1
1486,1485000,40338,33758,35384,1
1487,1486000,45384,30247,42698,1
1488,1487000,49298,27198,48354,1
1489,1488000,51559,24827,51852,1
1490,1489000,51821,23468,52890,1
1491,1490000,50359,22819,51407,1
1492,1491000,47463,22952,47514,1
1493,1492000,43590,23803,41547,1
1494,1493000,38968,25544,34057,1
1495,1494000,33770,28187,25783,1
1496,1495000,28311,31472,17588,1
1497,1496000,23148,34886,10326,1
1498,1497000,19131,37752,4721,1
1499,1498000,16811,39887,1264,1
1500,1499000,16544,41010,248,1
1501,1500000,18069,41453,1734,1
1502,1501000,21087,41178,5616,1
1503,1502000,25119,40228,11566,1
1504,1503000,29912,38402,19042,1
1505,1504000,35270,35684,27304,1
1506,1505000,40864,32340,35488,1
1507,1506000,46117,28909,42734,1
1508,1507000,50178,26075,48318,1
1509,1508000,52499,24051,51743,1
1510,1509000,52741,23116,52716,1
1511,1510000,51170,22949,51183,1
1512,1511000,48094,23562,47257,1
1513,1512000,43980,24851,41282,1
1514,1513000,39077,26940,33806,1
1515,1514000,33591,29801,25572,1
1516,1515000,27865,33162,17434,1
1517,1516000,22486,36486,10244,1
1518,1517000,18319,39120,4716,1
1519,1518000,15941,40890,1335,1
1520,1519000,15700,41565,386,1
1521,1520000,17341,41504,1926,1
1522,1521000,20549,40726,5841,1
1523,1522000,24834,39321,11800,1
1524,1523000,29917,37136,19260,1
1525,1524000,35571,34194,27480,1
1526,1525000,41439,30780,35604,1
1527,1526000,46911,27449,42775,1
1528,1527000,51122,24862,48279,1
1529,1528000,53500,23220,51625,1
1530,1529000,53710,22749,52530,1
1531,1530000,52017,23099,50943,1
1532,1531000,48743,24222,46986,1
1533,1532000,44368,25968,41003,1
1534,1533000,39169,28411,33545,1
1535,1534000,33382,31490,25354,1
1536,1535000,27381,34913,17279,1
1537,1536000,21785,38130,10165,1
1538,1537000,17472,40509,4717,1
1539,1538000,15042,41892,1414,1
1540,1539000,14838,42099,534,1
1541,1540000,16607,41519,2126,1
1542,1541000,20015,40230,6073,1
1543,1542000,24561,38370,12039,1
1544,1543000,29938,35835,19480,1
1545,1544000,35889,32683,27656,1
1546,1545000,42026,29213,35717,1
1547,1546000,47711,25996,42813,1
1548,1547000,52063,23670,48236,1
1549,1548000,54488,22418,51505,1
1550,1549000,54658,22414,52343,1
1551,1550000,52834,23277,50705,1
1552,1551000,49358,24899,46718,1
1553,1552000,44724,27084,40731,1
1554,1553000,39235,29862,33294,1
1555,1554000,33159,33136,25147,1
1556,1555000,26897,36604,17134,1
1557,1556000,21097,39701,10094,1
1558,1557000,16653,41822,4724,1
1559,1558000,14182,42822,1496,1
1560,1559000,14023,42574,679,1
1561,1560000,15921,41497,2320,1
1562,1561000,19527,39725,6294,1
1563,1562000,24324,37442,12264,1
1564,1563000,29980,34588,19683,1
1565,1564000,36208,31253,27816,1
1566,1565000,42593,27748,35816,1
1567,1566000,48469,24655,42840,1
1568,1567000,52945,22584,48189,1
1569,1568000,55405,21707,51386,1
1570,1569000,55527,22142,52165,1
1571,1570000,53577,23482,50482,1
1572,1571000,49907,25559,46472,1
1573,1572000,45031,28138,40483,1
1574,1573000,39276,31211,33068,1
1575,1574000,32938,34650,24963,1
1576,1575000,26444,38139,17008,1
1577,1576000,20466,41116,10036,1
1578,1577000,15913,42987,4736,1
1579,1578000,13412,43633,1574,1
1580,1579000,13303,42968,813,1
1581,1580000,15324,41444,2494,1
1582,1581000,19114,39246,6490,1
1583,1582000,24138,36596,12459,1
1584,1583000,30041,33469,19857,1
1585,1584000,36512,29988,27949,1
1586,1585000,43111,26470,35894,1
1587,1586000,49149,23496,42856,1
1588,1587000,53723,21666,48139,1
1589,1588000,56206,21123,51276,1
1590,1589000,56279,21950,52004,1
1591,1590000,54210,23701,50286,1
1592,1591000,50367,26170,46258,1
1593,1592000,45279,29081,40272,1
1594,1593000,39295,32394,32878,1
1595,1594000,32736,35957,24812,1
1596,1595000,26048,39453,16908,1
1597,1596000,19927,42310,9992,1
1598,1597000,15287,43960,4751,1
1599,1598000,12771,44297,1643,1
1600,1599000,12710,43275,927,1
1601,1600000,14842,41374,2639,1
1602,1601000,18791,38822,6649,1
1603,1602000,24007,35873,12615,1
1604,1603000,30117,32534,19993,1
1605,1604000,36786,28943,28049,1
1606,1605000,43556,25430,35948,1
1607,1606000,49721,22570,42857,1
1608,1607000,54368,20947,48088,1
1609,1608000,56864,20688,51178,1
1610,1609000,56890,21838,51867,1
1611,1610000,54717,23926,50123,1
1612,1611000,50730,26705,46085,1
1613,1612000,45468,29876,40103,1
1614,1613000,39300,33369,32730,1
1615,1614000,32566,37021,24697,1
1616,1615000,25730,40504,16834,1
1617,1616000,19500,43255,9964,1
1618,1617000,14799,44717,4767,1
1619,1618000,12277,44803,1700,1
1620,1619000,12261,43496,1016,1
1621,1620000,14487,41301,2749,1
1622,1621000,18563,38478,6767,1
1623,1622000,23931,35304,12728,1
1624,1623000,30199,31812,20086,1
1625,1624000,37018,28152,28114,1
1626,1625000,43915,24655,35976,1
1627,1626000,50170,21896,42846,1
1628,1627000,54868,20441,48039,1
1629,1628000,57366,20402,51094,1
1630,1629000,57350,21799,51758,1
1631,1630000,55095,24140,49998,1
1632,1631000,50995,27148,45955,1
1633,1632000,45602,30502,39981,1
1634,1633000,39299,34117,32626,1
1635,1634000,32438,37819,24618,1
1636,1635000,25498,41281,16786,1
1637,1636000,19195,43942,9948,1
1638,1637000,14456,45260,4783,1
1639,1638000,11936,45157,1742,1
1640,1639000,11958,43644,1078,1
1641,1640000,14255,41238,2823,1
1642,1641000,18426,38226,6842,1
1643,1642000,23902,34903,12795,1
1644,1643000,30282,31315,20138,1
1645,1644000,37202,27619,28143,1
1646,1645000,44182,24147,35980,1
1647,1646000,50495,21467,42824,1
1648,1647000,55221,20137,47992,1
1649,1648000,57715,20256,51028,1
1650,1649000,57665,21823,51677,1
1651,1650000,55350,24333,49911,1
1652,1651000,51171,27488,45870,1
1653,1652000,45690,30955,39904,1
1654,1653000,39298,34638,32563,1
1655,1654000,32358,38360,24574,1
1656,1655000,25355,41796,16762,1
1657,1656000,19011,44388,9944,1
1658,1657000,14254,45604,4795,1
1659,1658000,11740,45377,1768,1
1660,1659000,11791,43730,1113,1
1661,1660000,14137,41195,2860,1
1662,1661000,18369,38073,6877,1
1663,1662000,23912,34667,12821,1
1664,1663000,30357,31034,20151,1
1665,1664000,37334,27330,28142,1
1666,1665000,44358,23885,35963,1
1667,1666000,50699,21264,42793,1
1668,1667000,55437,20014,47951,1
1669,1668000,57924,20229,50978,1
1670,1669000,57850,21895,51624,1
1671,1670000,55497,24496,49859,1
1672,1671000,51272,27726,45824,1
1673,1672000,45742,31243,39867,1
1674,1673000,39304,34949,32538,1
1675,1674000,32327,38667,24559,1
1676,1675000,25297,42074,16757,1
1677,1676000,18937,44621,9947,1
1678,1677000,14177,45778,4804,1
1679,1678000,11671,45486,1779,1
1680,1679000,11742,43774,1122,1
1681,1680000,14113,41181,2865,1
1682,1681000,18376,38015,6874,1
1683,1682000,23949,34584,12810,1
1684,1683000,30419,30944,20131,1
1685,1684000,37416,27252,28114,1
1686,1685000,44451,23834,35930,1
1687,1686000,50798,21248,42757,1
1688,1687000,55533,20039,47914,1
1689,1688000,58013,20294,50945,1
1690,1689000,57927,21996,51596,1
1691,1690000,55557,24623,49839,1
1692,1691000,51315,27867,45812,1
1693,1692000,45770,31385,39864,1
1694,1693000,39323,35078,32542,1
1695,1694000,32342,38777,24568,1
1696,1695000,25313,42160,16767,1
1697,1696000,18958,44683,9955,1
1698,1697000,14205,45819,4807,1
1699,1698000,11706,45512,1775,1
1700,1699000,11785,43792,1109,1
1701,1700000,14163,41200,2843,1
1702,1701000,18429,38043,6843,1
1703,1702000,24001,34630,12770,1
1704,1703000,30465,31014,20086,1
1705,1704000,37452,27346,28067,1
1706,1705000,44475,23950,35885,1
1707,1706000,50810,21377,42718,1
1708,1707000,55536,20173,47884,1
1709,1708000,58010,20421,50925,1
1710,1709000,57922,22108,51589,1
1711,1710000,55555,24711,49843,1
1712,1711000,51319,27923,45827,1
1713,1712000,45786,31405,39887,1
1714,1713000,39357,35064,32568,1
1715,1714000,32397,38735,24594,1
1716,1715000,25390,42100,16787,1
1717,1716000,19052,44621,9966,1
1718,1717000,14312,45769,4805,1
1719,1718000,11817,45487,1759,1
1720,1719000,11893,43802,1079,1
1721,1720000,14261,41254,2800,1
1722,1721000,18509,38145,6790,1
1723,1722000,24057,34779,12710,1
1724,1723000,30491,31203,20024,1
1725,1724000,37447,27564,28009,1
1726,1725000,44442,24180,35835,1
1727,1726000,50756,21601,42680,1
1728,1727000,55470,20373,47861,1
1729,1728000,57944,20580,50918,1
1730,1729000,57864,22215,51597,1
1731,1730000,55514,24758,49865,1
1732,1731000,51303,27908,45860,1
1733,1732000,45802,31333,39927,1
1734,1733000,39410,34946,32609,1
1735,1734000,32486,38589,24629,1
1736,1735000,25512,41945,16812,1
1737,1736000,19198,44483,9975,1
1738,1737000,14470,45667,4797,1
1739,1738000,11975,45441,1733,1
1740,1739000,12037,43821,1037,1
1741,1740000,14382,41345,2743,1
1742,1741000,18598,38305,6723,1
1743,1742000,24105,35001,12639,1
1744,1743000,30496,31471,19953,1
1745,1744000,37410,27858,27945,1
1746,1745000,44369,24477,35783,1
1747,1746000,50660,21873,42644,1
1748,1747000,55363,20599,47844,1
1749,1748000,57841,20742,50920,1
1750,1749000,57779,22303,51617,1
1751,1750000,55458,24766,49899,1
1752,1751000,51285,27839,45904,1
1753,1752000,45828,31198,39975,1
1754,1753000,39482,34765,32655,1
1755,1754000,32603,38384,24667,1
1756,1755000,25664,41746,16836,1
1757,1756000,19374,44315,9982,1
1758,1757000,14654,45555,4784,1
1759,1758000,12152,45400,1701,1
1760,1759000,12193,43863,987,1
1761,1760000,14504,41471,2679,1
1762,1761000,18677,38508,6650,1
1763,1762000,24136,35267,12563,1
1764,1763000,30478,31780,19881,1
1765,1764000,37347,28185,27882,1
1766,1765000,44271,24791,35735,1
1767,1766000,50541,22151,42614,1
1768,1767000,55240,20816,47833,1
1769,1768000,57730,20881,50929,1
1770,1769000,57693,22357,51642,1
1771,1770000,55408,24733,49939,1
1772,1771000,51280,27731,45951,1
1773,1772000,45872,31029,40024,1
1774,1773000,39573,34555,32700,1
1775,1774000,32737,38164,24702,1
1776,1775000,25833,41545,16856,1
1777,1776000,19559,44156,9983,1
1778,1777000,14842,45461,4766,1
1779,1778000,12326,45389,1663,1
1780,1779000,12338,43937,933,1
1781,1780000,14609,41628,2613,1
1782,1781000,18735,38737,6578,1
1783,1782000,24145,35551,12490,1
1784,1783000,30439,32096,19813,1
1785,1784000,37266,28502,27825,1
1786,1785000,44161,25087,35693,1
1787,1786000,50418,22399,42591,1
1788,1787000,55119,20995,47828,1
1789,1788000,57629,20979,50942,1
1790,1789000,57625,22371,51671,1
1791,1790000,55381,24668,49978,1
1792,1791000,51299,27598,45996,1
1793,1792000,45938,30847,40070,1
1794,1793000,39685,34351,32739,1
1795,1794000,32885,37965,24729,1
1796,1795000,26003,41373,16868,1
1797,1796000,19739,44038,9978,1
1798,1797000,15015,45413,4743,1
1799,1798000,12476,45421,1624,1
1800,1799000,12455,44049,880,1
1801,1800000,14683,41813,2551,1
1802,1801000,18763,38980,6511,1
1803,1802000,24126,35832,12425,1
1804,1803000,30379,32390,19755,1
1805,1804000,37175,28785,27778,1
1806,1805000,44051,25334,35661,1
1807,1806000,50305,22589,42575,1
1808,1807000,55019,21117,47829,1
1809,1808000,57555,21025,50957,1
1810,1809000,57588,22342,51698,1
1811,1810000,55387,24573,50013,1
1812,1811000,51349,27454,46035,1
1813,1812000,46031,30675,40106,1
1814,1813000,39812,34175,32768,1
1815,1814000,33037,37808,24747,1
1816,1815000,26168,41258,16872,1
1817,1816000,19900,43982,9966,1
1818,1817000,15160,45426,4716,1
1819,1818000,12592,45505,1584,1
1820,1819000,12532,44201,830,1
1821,1820000,14718,42020,2495,1
1822,1821000,18755,39225,6454,1
1823,1822000,24079,36093,12371,1
1824,1823000,30301,32644,19709,1
1825,1824000,37078,29010,27743,1
1826,1825000,43949,25512,35639,1
1827,1826000,50213,22708,42566,1
1828,1827000,54949,21169,47834,1
1829,1828000,57519,21011,50973,1
1830,1829000,57592,22269,51722,1
1831,1830000,55432,24456,50041,1
1832,1831000,51434,27309,46063,1
1833,1832000,46148,30524,40130,1
1834,1833000,39953,34041,32785,1
1835,1834000,33190,37710,24753,1
1836,1835000,6770,7598,26690,1
1837,1836000,30231,59939,29775,1
1838,1837000,20916,52641,30166,1
1839,1838000,14896,47759,26971,1
1840,1839000,7679,34778,27683,1
1841,1840000,22214,55630,28927,1
1842,1841000,15613,36461,30966,1
1843,1842000,16549,29389,28688,1
1844,1843000,17014,16321,29995,1
1845,1844000,27343,21110,30485,1
1846,1845000,30019,9530,29659,1
1847,1846000,33377,2029,28420,1
1848,1847000,39348,0,27897,1
1849,1848000,46663,5736,27247,1
1850,1849000,48287,3997,25690,1
1851,1850000,49447,8270,23727,1
1852,1851000,51687,16116,22578,1
1853,1852000,52450,27343,21823,1
1854,1853000,49397,34785,20769,1
1855,1854000,44910,42999,20174,1
1856,1855000,40558,51860,20364,1
1857,1856000,35663,60141,20782,1
1858,1857000,29753,62732,21417,1
1859,1858000,24162,63796,22349,1
1860,1859000,20777,62347,23634,1
1861,1860000,17980,57854,25080,1
1862,1861000,16535,50316,26286,1
1863,1862000,17016,41542,27366,1
1864,1863000,19458,32268,28316,1
1865,1864000,23346,23260,28710,1
1866,1865000,28149,14040,28706,1
1867,1866000,33554,7411,28318,1
1868,1867000,39734,3492,27505,1
1869,1868000,44971,2063,26494,1
1870,1869000,49430,3803,25099,1
1871,1870000,52583,8250,23722,1
1872,1871000,54099,15349,22422,1
1873,1872000,53930,24246,21219,1
1874,1873000,51763,33553,20371,1
1875,1874000,48158,43408,19847,1
1876,1875000,43490,52209,19761,1
1877,1876000,37906,59214,20115,1
1878,1877000,32224,63849,20813,1
1879,1878000,26848,65535,21890,1
1880,1879000,22387,64371,23163,1
1881,1880000,19182,60157,24536,1
1882,1881000,17544,53468,25876,1
1883,1882000,17704,45061,27050,1
1884,1883000,19629,35688,27945,1
1885,1884000,23075,26214,28472,1
1886,1885000,27750,17602,28582,1
1887,1886000,33132,10715,28286,1
1888,1887000,38790,6207,27587,1
1889,1888000,44030,4431,26590,1
1890,1889000,48500,5608,25358,1
1891,1890000,51674,9517,24054,1
1892,1891000,53317,15847,22774,1
1893,1892000,53295,23882,21648,1
1894,1893000,51593,32857,20793,1
1895,1894000,48440,41994,20267,1
1896,1895000,44135,50280,20138,1
1897,1896000,39053,57070,20404,1
1898,1897000,33784,61636,21032,1
1899,1898000,28735,63577,21982,1
1900,1899000,24471,62792,23132,1
1901,1900000,21364,59261,24391,1
1902,1901000,19695,53480,25626,1
1903,1902000,19667,45949,26716,1
1904,1903000,21212,37450,27566,1
1905,1904000,24193,28850,28083,1
1906,1905000,28303,20939,28231,1
1907,1906000,33103,14533,28001,1
1908,1907000,38148,10226,27413,1
1909,1908000,42913,8365,26543,1
1910,1909000,46967,9164,25467,1
1911,1910000,49926,12421,24305,1
1912,1911000,51517,17835,23164,1
1913,1912000,51632,24838,22151,1
1914,1913000,50271,32722,21369,1
1915,1914000,47599,40755,20880,1
1916,1915000,43880,48149,20733,1
1917,1916000,39482,54223,20937,1
1918,1917000,34849,58408,21465,1
1919,1918000,30418,60312,22270,1
1920,1919000,26618,59796,23267,1
1921,1920000,23826,56919,24357,1
1922,1921000,22282,52021,25434,1
1923,1922000,22149,45575,26393,1
1924,1923000,23393,38259,27144,1
1925,1924000,25894,30809,27612,1
1926,1925000,29378,23933,27762,1
1927,1926000,33488,18336,27580,1
1928,1927000,37812,14510,27095,1
1929,1928000,41917,12817,26358,1
1930,1929000,45422,13370,25447,1
1931,1930000,47990,16069,24456,1
1932,1931000,49402,20594,23483,1
1933,1932000,49550,26507,22616,1
1934,1933000,48443,33172,21944,1
1935,1934000,46214,39989,21520,1
1936,1935000,43095,46267,21386,1
1937,1936000,39391,51445,21548,1
1938,1937000,35483,55020,21988,1
1939,1938000,31740,56682,22660,1
1940,1939000,28527,56286,23497,1
1941,1940000,26161,53904,24413,1
1942,1941000,24851,49809,25319,1
1943,1942000,24725,44410,26125,1
1944,1943000,25765,38284,26754,1
1945,1944000,27855,32042,27148,1
1946,1945000,30771,26302,27272,1
1947,1946000,34207,21634,27118,1
1948,1947000,37811,18476,26709,1
1949,1948000,41222,17100,26093,1
1950,1949000,44120,17615,25332,1
1951,1950000,46221,19908,24509,1
1952,1951000,47357,23714,23703,1
1953,1952000,47431,28646,22992,1
1954,1953000,46470,34184,22444,1
1955,1954000,44584,39802,22106,1
1956,1955000,41973,44957,22008,1
1957,1956000,38897,49158,22158,1
1958,1957000,35672,52013,22534,1
1959,1958000,32608,53265,23100,1
1960,1959000,30003,52811,23798,1
1961,1960000,28121,50720,24555,1
1962,1961000,27124,47238,25297,1
1963,1962000,27113,42708,25951,1
1964,1963000,28063,37630,26452,1
1965,1964000,29870,32506,26753,1
1966,1965000,32336,27857,26829,1
1967,1966000,35201,24148,26675,1
1968,1967000,38164,21735,26313,1
1969,1968000,40928,20822,25786,1
1970,1969000,43228,21476,25147,1
1971,1970000,44837,23583,24468,1
1972,1971000,45627,26895,23814,1
1973,1972000,45533,31077,23249,1
1974,1973000,44592,35678,22828,1
1975,1974000,42911,40261,22587,1
1976,1975000,40668,44377,22547,1
1977,1976000,38088,47631,22711,1
1978,1977000,35435,49716,23058,1
1979,1978000,32976,50440,23553,1
1980,1979000,30941,49745,24147,1
1981,1980000,29552,47719,24775,1
1982,1981000,28920,44593,25377,1
1983,1982000,29121,40677,25892,1
1984,1983000,30110,36404,26268,1
1985,1984000,31783,32206,26469,1
1986,1985000,33958,28512,26478,1
1987,1986000,36406,25706,26295,1
1988,1987000,38864,24054,25945,1
1989,1988000,41079,23711,25468,1
1990,1989000,42842,24681,24912,1
1991,1990000,43965,26839,24342,1
1992,1991000,44370,29928,23811,1
1993,1992000,44017,33644,23373,1
1994,1993000,42969,37579,23071,1
1995,1994000,41337,41359,22932,1
1996,1995000,39291,44608,22967,1
1997,1996000,37037,47006,23174,1
1998,1997000,34809,48321,23527,1
1999,1998000,32831,48431,23992,1
2000,1999000,31295,47326,24524,1
