1,0,42576,39755,34010,0
2,1000,43488,39806,33148,0
3,2000,44028,39899,32277,0
4,3000,44147,40025,31482,0
5,4000,43833,40173,30841,0
6,5000,43114,40327,30418,0
7,6000,42065,40473,30253,0
8,7000,40785,40596,30363,0
9,8000,39406,40684,30736,0
10,9000,38058,40728,31335,0
11,10000,36874,40725,32101,0
12,11000,35969,40675,32960,0
13,12000,35433,40582,33827,0
14,13000,35317,40456,34618,0
15,14000,35625,40309,35258,0
16,15000,36341,40155,35681,0
17,16000,37381,40010,35849,0
18,17000,38658,39886,35743,0
19,18000,40036,39798,35374,0
20,19000,41387,39753,34777,0
21,20000,42576,39755,34010,0
22,21000,43488,39806,33148,0
23,22000,44028,39899,32277,0
24,23000,44147,40025,31482,0
25,24000,43833,40173,30841,0
26,25000,43114,40327,30418,0
27,26000,42065,40473,30253,0
28,27000,40785,40596,30363,0
29,28000,39406,40684,30736,0
30,29000,38058,40728,31335,0
31,30000,36874,40725,32101,0
32,31000,35969,40675,32960,0
33,32000,35433,40582,33827,0
34,33000,35317,40456,34618,0
35,34000,35625,40309,35258,0
36,35000,36341,40155,35681,0
37,36000,37381,40010,35850,0
38,37000,38658,39886,35743,0
39,38000,40036,39798,35374,0
40,39000,41387,39753,34777,0
41,40000,42576,39755,34010,0
42,41000,43488,39806,33148,0
43,42000,44028,39899,32277,0
44,43000,44147,40025,31482,0
45,44000,43833,40173,30841,0
46,45000,43114,40327,30418,0
47,46000,42065,40473,30253,0
48,47000,40785,40596,30363,0
49,48000,39406,40684,30736,0
50,49000,38058,40728,31335,0
51,50000,36874,40725,32102,0
52,51000,35969,40675,32960,0
53,52000,35433,40582,33827,0
54,53000,35317,40456,34618,0
55,54000,35625,40309,35258,0
56,55000,36341,40155,35681,0
57,56000,37381,40010,35850,0
58,57000,38658,39886,35743,0
59,58000,40036,39798,35374,0
60,59000,41388,39753,34777,0
61,60000,42577,39755,34010,0
62,61000,43488,39806,33148,0
63,62000,44028,39899,32277,0
64,63000,44147,40025,31482,0
65,64000,43833,40173,30841,0
66,65000,43114,40328,30418,0
67,66000,42065,40473,30253,0
68,67000,40785,40596,30363,0
69,68000,39406,40684,30736,0
70,69000,38057,40728,31335,0
71,70000,36874,40725,32102,0
72,71000,35969,40675,32960,0
73,72000,35433,40582,33827,0
74,73000,35317,40456,34618,0
75,74000,35625,40309,35258,0
76,75000,36341,40155,35681,0
77,76000,37381,40010,35849,0
78,77000,38658,39886,35743,0
79,78000,40036,39798,35374,0
80,79000,41388,39753,34777,0
81,80000,42576,39755,34010,0
82,81000,43488,39806,33148,0
83,82000,44028,39899,32277,0
84,83000,44147,40025,31482,0
85,84000,43833,40173,30841,0
86,85000,43113,40327,30418,0
87,86000,42065,40473,30253,0
88,87000,40785,40596,30363,0
89,88000,39405,40684,30736,0
90,89000,38057,40728,31335,0
91,90000,36874,40725,32102,0
92,91000,35969,40675,32960,0
93,92000,35433,40582,33827,0
94,93000,35317,40456,34618,0
95,94000,35625,40309,35258,0
96,95000,36341,40155,35681,0
97,96000,37381,40010,35850,0
98,97000,38658,39886,35743,0
99,98000,40036,39798,35374,0
100,99000,41388,39753,34777,0
101,100000,42576,39755,34010,0
102,101000,43488,39806,33148,0
103,102000,44028,39899,32277,0
104,103000,44147,40025,31482,0
105,104000,43833,40173,30841,0
106,105000,43113,40328,30418,0
107,106000,42065,40473,30253,0
108,107000,40785,40596,30363,0
109,108000,39405,40684,30736,0
110,109000,38057,40728,31335,0
111,110000,36874,40725,32102,0
112,111000,35969,40675,32960,0
113,112000,35433,40582,33827,0
114,113000,35317,40456,34618,0
115,114000,35625,40309,35258,0
116,115000,36341,40155,35681,0
117,116000,37381,40010,35850,0
118,117000,38658,39886,35743,0
119,118000,40036,39798,35374,0
120,119000,41388,39753,34777,0
121,120000,42577,39755,34010,0
122,121000,43488,39806,33148,0
123,122000,44028,39899,32277,0
124,123000,44147,40025,31482,0
125,124000,43833,40173,30841,0
126,125000,43113,40328,30418,0
127,126000,42065,40473,30253,0
128,127000,40785,40596,30363,0
129,128000,39405,40684,30736,0
130,129000,38057,40728,31335,0
131,130000,36874,40725,32102,0
132,131000,35969,40675,32960,0
133,132000,35433,40582,33827,0
134,133000,35317,40456,34618,0
135,134000,35625,40309,35258,0
136,135000,36341,40155,35681,0
137,136000,37381,40010,35849,0
138,137000,38658,39886,35743,0
139,138000,40036,39798,35374,0
140,139000,41388,39753,34777,0
141,140000,42577,39755,34010,0
142,141000,43488,39806,33148,0
143,142000,44028,39899,32277,0
144,143000,44147,40025,31482,0
145,144000,43833,40173,30841,0
146,145000,43113,40328,30418,0
147,146000,42065,40473,30253,0
148,147000,40785,40596,30363,0
149,148000,39405,40684,30736,0
150,149000,38057,40728,31335,0
151,150000,36874,40725,32102,0
152,151000,35969,40675,32960,0
153,152000,35433,40582,33827,0
154,153000,35317,40456,34618,0
155,154000,35625,40309,35258,0
156,155000,36341,40155,35681,0
157,156000,37381,40010,35849,0
158,157000,38658,39886,35743,0
159,158000,40036,39798,35374,0
160,159000,41388,39753,34777,0
161,160000,42577,39755,34010,0
162,161000,43488,39806,33148,0
163,162000,44028,39899,32277,0
164,163000,44147,40025,31482,0
165,164000,43832,40173,30841,0
166,165000,43113,40328,30418,0
167,166000,42065,40473,30253,0
168,167000,40785,40596,30363,0
169,168000,39405,40684,30736,0
170,169000,38057,40728,31335,0
171,170000,36874,40725,32102,0
172,171000,35969,40675,32960,0
173,172000,35433,40582,33827,0
174,173000,35317,40456,34618,0
175,174000,35625,40309,35258,0
176,175000,36341,40155,35681,0
177,176000,37381,40010,35850,0
178,177000,38658,39886,35743,0
179,178000,40036,39798,35374,0
180,179000,41388,39753,34777,0
181,180000,42577,39755,34010,0
182,181000,43488,39806,33148,0
183,182000,44028,39899,32277,0
184,183000,44147,40025,31482,0
185,184000,43832,40173,30841,0
186,185000,43113,40328,30418,0
187,186000,42064,40473,30253,0
188,187000,40785,40596,30363,0
189,188000,39405,40684,30736,0
190,189000,38057,40728,31335,0
191,190000,36874,40725,32102,0
192,191000,35969,40675,32960,0
193,192000,35433,40582,33827,0
194,193000,35317,40456,34618,0
195,194000,35625,40309,35258,0
196,195000,36341,40155,35681,0
197,196000,37381,40010,35849,0
198,197000,38658,39886,35743,0
199,198000,40036,39798,35374,0
200,199000,41388,39753,34777,0
201,200000,42577,39755,34010,0
202,201000,43488,39806,33148,0
203,202000,44028,39899,32277,0
204,203000,44147,40025,31482,0
205,204000,43832,40173,30841,0
206,205000,43113,40328,30418,0
207,206000,42064,40473,30253,0
208,207000,40785,40596,30364,0
209,208000,39405,40684,30736,0
210,209000,38057,40728,31335,0
211,210000,36874,40725,32102,0
212,211000,35969,40675,32960,0
213,212000,35433,40582,33827,0
214,213000,35317,40456,34618,0
215,214000,35625,40309,35258,0
216,215000,36341,40155,35681,0
217,216000,37381,40010,35849,0
218,217000,38658,39886,35743,0
219,218000,40036,39798,35374,0
220,219000,41388,39753,34777,0
221,220000,42577,39755,34010,0
222,221000,43488,39806,33148,0
223,222000,44028,39899,32277,0
224,223000,44147,40025,31482,0
225,224000,43832,40173,30841,0
226,225000,43113,40328,30418,0
227,226000,42064,40473,30253,0
228,227000,40785,40596,30364,0
229,228000,39405,40684,30736,0
230,229000,38057,40728,31335,0
231,230000,36874,40725,32102,0
232,231000,35969,40675,32961,0
233,232000,35433,40582,33827,0
234,233000,35317,40456,34618,0
235,234000,35625,40309,35258,0
236,235000,36341,40155,35681,0
237,236000,37381,40010,35850,0
238,237000,38658,39886,35743,0
239,238000,40036,39798,35374,0
240,239000,41388,39753,34776,0
241,240000,42577,39755,34010,0
242,241000,43488,39806,33148,0
243,242000,44028,39899,32277,0
244,243000,44147,40025,31482,0
245,244000,43832,40173,30841,0
246,245000,43113,40328,30418,0
247,246000,42064,40473,30253,0
248,247000,40785,40596,30363,0
249,248000,39405,40684,30736,0
250,249000,38057,40728,31335,0
251,250000,36873,40725,32102,0
252,251000,35969,40675,32961,0
253,252000,35433,40582,33827,0
254,253000,35317,40456,34618,0
255,254000,35625,40309,35258,0
256,255000,36341,40155,35681,0
257,256000,37381,40010,35849,0
258,257000,38658,39886,35743,0
259,258000,40036,39798,35374,0
260,259000,41388,39753,34777,0
261,260000,42577,39755,34010,0
262,261000,43488,39806,33148,0
263,262000,44028,39899,32277,0
264,263000,44147,40025,31482,0
265,264000,43832,40173,30841,0
266,265000,43113,40328,30418,0
267,266000,42064,40473,30253,0
268,267000,40784,40596,30364,0
269,268000,39405,40684,30736,0
270,269000,38057,40728,31335,0
271,270000,36873,40725,32102,0
272,271000,35969,40675,32961,0
273,272000,35433,40582,33827,0
274,273000,35317,40456,34618,0
275,274000,35625,40309,35258,0
276,275000,36341,40155,35681,0
277,276000,37381,40010,35849,0
278,277000,38658,39886,35743,0
279,278000,40036,39798,35374,0
280,279000,41388,39753,34777,0
281,280000,42577,39755,34010,0
282,281000,43488,39806,33148,0
283,282000,44028,39899,32277,0
284,283000,44147,40025,31482,0
285,284000,43832,40173,30841,0
286,285000,43113,40328,30418,0
287,286000,42064,40473,30253,0
288,287000,40784,40596,30364,0
289,288000,39405,40684,30736,0
290,289000,38057,40728,31335,0
291,290000,36873,40725,32102,0
292,291000,35969,40675,32961,0
293,292000,35433,40582,33828,0
294,293000,35317,40456,34618,0
295,294000,35625,40309,35258,0
296,295000,36341,40155,35681,0
297,296000,37381,40010,35850,0
298,297000,38659,39886,35743,0
299,298000,40036,39798,35374,0
300,299000,41388,39753,34776,0
301,300000,42577,39755,34010,0
302,301000,43488,39806,33148,0
303,302000,44028,39899,32277,0
304,303000,44147,40025,31482,0
305,304000,43832,40173,30841,0
306,305000,43113,40328,30418,0
307,306000,42064,40473,30253,0
308,307000,40784,40596,30364,0
309,308000,39405,40684,30736,0
310,309000,38057,40728,31335,0
311,310000,36873,40725,32102,0
312,311000,35969,40675,32961,0
313,312000,35433,40582,33828,0
314,313000,35317,40456,34618,0
315,314000,35625,40309,35258,0
316,315000,36341,40155,35681,0
317,316000,37381,40010,35849,0
318,317000,38658,39886,35743,0
319,318000,40036,39798,35374,0
320,319000,41388,39753,34777,0
321,320000,42577,39755,34010,0
322,321000,43488,39806,33148,0
323,322000,44028,39899,32277,0
324,323000,44147,40025,31482,0
325,324000,43832,40173,30841,0
326,325000,43113,40328,30418,0
327,326000,42064,40473,30253,0
328,327000,40784,40596,30364,0
329,328000,39405,40684,30736,0
330,329000,38057,40728,31335,0
331,330000,36873,40725,32102,0
332,331000,35969,40675,32961,0
333,332000,35433,40582,33828,0
334,333000,35317,40456,34618,0
335,334000,35625,40309,35258,0
336,335000,36341,40155,35681,0
337,336000,37381,40010,35849,0
338,337000,38659,39886,35743,0
339,338000,40036,39798,35374,0
340,339000,41388,39753,34777,0
341,340000,42577,39755,34010,0
342,341000,43488,39806,33148,0
343,342000,44028,39899,32277,0
344,343000,44147,40025,31482,0
345,344000,43832,40173,30841,0
346,345000,43113,40328,30418,0
347,346000,42064,40473,30253,0
348,347000,40784,40596,30364,0
349,348000,39405,40684,30736,0
350,349000,38057,40728,31335,0
351,350000,36873,40725,32102,0
352,351000,35969,40675,32961,0
353,352000,35433,40582,33828,0
354,353000,35317,40456,34618,0
355,354000,35625,40309,35259,0
356,355000,36341,40155,35681,0
357,356000,37381,40010,35850,0
358,357000,38659,39886,35743,0
359,358000,40037,39798,35374,0
360,359000,41388,39753,34776,0
361,360000,42577,39755,34009,0
362,361000,43488,39806,33148,0
363,362000,44028,39899,32277,0
364,363000,44147,40025,31482,0
365,364000,43832,40173,30841,0
366,365000,43113,40328,30418,0
367,366000,42064,40473,30253,0
368,367000,40784,40596,30364,0
369,368000,39405,40684,30736,0
370,369000,38057,40728,31336,0
371,370000,36873,40725,32102,0
372,371000,35969,40675,32961,0
373,372000,35433,40582,33828,0
374,373000,35317,40456,34619,0
375,374000,35625,40309,35258,0
376,375000,36341,40155,35681,0
377,376000,37382,40010,35849,0
378,377000,38659,39886,35743,0
379,378000,40037,39798,35374,0
380,379000,41388,39753,34777,0
381,380000,42577,39755,34009,0
382,381000,43488,39806,33148,0
383,382000,44028,39899,32277,0
384,383000,44147,40025,31482,0
385,384000,43832,40173,30841,0
386,385000,43113,40328,30418,0
387,386000,42064,40473,30253,0
388,387000,40784,40596,30364,0
389,388000,39405,40684,30736,0
390,389000,38057,40728,31336,0
391,390000,36873,40725,32102,0
392,391000,35969,40675,32961,0
393,392000,35433,40582,33828,0
394,393000,35317,40456,34619,0
395,394000,35625,40309,35258,0
396,395000,36341,40155,35681,0
397,396000,37382,40010,35849,0
398,397000,38659,39886,35743,0
399,398000,40037,39798,35374,0
400,399000,41388,39753,34777,0
401,400000,42577,39755,34009,0
402,401000,43488,39806,33148,0
403,402000,44028,39899,32277,0
404,403000,44147,40025,31482,0
405,404000,43832,40173,30841,0
406,405000,43113,40328,30418,0
407,406000,42064,40473,30253,0
408,407000,40784,40596,30364,0
409,408000,39405,40684,30736,0
410,409000,38057,40728,31336,0
411,410000,36873,40725,32102,0
412,411000,35969,40675,32961,0
413,412000,35433,40582,33828,0
414,413000,35317,40456,34619,0
415,414000,35625,40309,35259,0
416,415000,36341,40155,35681,0
417,416000,37381,40009,35850,0
418,417000,38659,39886,35743,0
419,418000,40037,39798,35374,0
420,419000,41388,39753,34776,0
421,420000,42577,39755,34009,0
422,421000,43488,39806,33148,0
423,422000,44028,39899,32277,0
424,423000,44147,40025,31481,0
425,424000,43832,40173,30841,0
426,425000,43113,40328,30418,0
427,426000,42064,40473,30253,0
428,427000,40784,40596,30364,0
429,428000,39405,40684,30736,0
430,429000,38057,40728,31336,0
431,430000,36873,40725,32102,0
432,431000,35969,40675,32961,0
433,432000,35433,40582,33828,0
434,433000,35317,40456,34619,0
435,434000,35625,40309,35258,0
436,435000,36341,40155,35681,0
437,436000,37382,40010,35849,0
438,437000,38659,39886,35743,0
439,438000,40037,39798,35374,0
440,439000,41388,39753,34776,0
441,440000,42577,39755,34009,0
442,441000,43488,39806,33148,0
443,442000,44028,39899,32277,0
444,443000,44147,40025,31482,0
445,444000,43832,40173,30841,0
446,445000,43113,40328,30418,0
447,446000,42064,40473,30253,0
448,447000,40784,40596,30364,0
449,448000,39405,40684,30736,0
450,449000,38057,40728,31336,0
451,450000,36873,40725,32102,0
452,451000,35969,40675,32961,0
453,452000,35433,40582,33828,0
454,453000,35317,40456,34619,0
455,454000,35625,40309,35258,0
456,455000,36341,40155,35681,0
457,456000,37382,40010,35849,0
458,457000,38659,39886,35743,0
459,458000,40037,39798,35374,0
460,459000,41388,39753,34776,0
461,460000,42577,39755,34009,0
462,461000,43488,39806,33148,0
463,462000,44028,39899,32277,0
464,463000,44147,40025,31482,0
465,464000,43832,40173,30841,0
466,465000,43113,40328,30418,0
467,466000,42064,40473,30253,0
468,467000,40784,40596,30364,0
469,468000,39405,40684,30736,0
470,469000,38057,40728,31336,0
471,470000,36873,40725,32102,0
472,471000,35969,40675,32961,0
473,472000,35433,40582,33828,0
474,473000,35317,40456,34619,0
475,474000,35625,40309,35259,0
476,475000,36341,40155,35681,0
477,476000,37382,40009,35850,0
478,477000,38659,39886,35743,0
479,478000,40037,39798,35374,0
480,479000,41389,39753,34776,0
481,480000,42577,39755,34009,0
482,481000,43488,39806,33147,0
483,482000,44028,39899,32277,0
484,483000,44147,40025,31481,0
485,484000,43832,40173,30841,0
486,485000,43113,40328,30418,0
487,486000,42064,40473,30253,0
488,487000,40784,40596,30364,0
489,488000,39405,40684,30736,0
490,489000,38057,40728,31336,0
491,490000,36873,40725,32102,0
492,491000,35969,40675,32961,0
493,492000,35433,40582,33828,0
494,493000,35317,40456,34619,0
495,494000,35625,40309,35258,0
496,495000,36342,40155,35681,0
497,496000,37382,40009,35849,0
498,497000,38659,39886,35743,0
499,498000,40037,39798,35374,0
500,499000,41388,39753,34776,0
501,500000,42577,39755,34009,0
502,501000,43488,39806,33148,0
503,502000,44028,39899,32277,0
504,503000,44147,40025,31482,0
505,504000,43832,40173,30841,0
506,505000,43113,40328,30418,0
507,506000,42064,40473,30253,0
508,507000,40784,40596,30364,0
509,508000,39404,40684,30736,0
510,509000,38057,40728,31336,0
511,510000,36873,40725,32102,0
512,511000,35969,40675,32961,0
513,512000,35433,40582,33828,0
514,513000,35317,40456,34619,0
515,514000,35625,40309,35258,0
516,515000,36342,40155,35681,0
517,516000,37382,40009,35849,0
518,517000,38659,39886,35743,0
519,518000,40037,39798,35374,0
520,519000,41388,39753,34776,0
521,520000,42577,39755,34009,0
522,521000,43488,39806,33148,0
523,522000,44028,39899,32277,0
524,523000,44147,40025,31482,0
525,524000,43832,40173,30841,0
526,525000,43113,40328,30418,0
527,526000,42064,40473,30253,0
528,527000,40784,40596,30364,0
529,528000,39404,40684,30736,0
530,529000,38057,40728,31336,0
531,530000,36873,40725,32102,0
532,531000,35969,40675,32961,0
533,532000,35433,40582,33828,0
534,533000,35317,40456,34619,0
535,534000,35625,40309,35259,0
536,535000,36342,40155,35681,0
537,536000,37382,40009,35850,0
538,537000,38659,39886,35743,0
539,538000,40037,39798,35374,0
540,539000,41389,39753,34776,0
541,540000,42577,39755,34009,0
542,541000,43488,39806,33147,0
543,542000,44028,39899,32277,0
544,543000,44147,40026,31481,0
545,544000,43832,40173,30841,0
546,545000,43113,40328,30418,0
547,546000,42064,40473,30253,0
548,547000,40784,40596,30364,0
549,548000,39404,40684,30736,0
550,549000,38056,40728,31336,0
551,550000,36873,40725,32102,0
552,551000,35969,40675,32961,0
553,552000,35433,40582,33828,0
554,553000,35317,40456,34619,0
555,554000,35626,40309,35259,0
556,555000,36342,40155,35681,0
557,556000,37382,40009,35849,0
558,557000,38659,39886,35743,0
559,558000,40037,39798,35374,0
560,559000,41389,39753,34776,0
561,560000,42577,39755,34009,0
562,561000,43488,39806,33147,0
563,562000,44028,39899,32277,0
564,563000,44147,40026,31481,0
565,564000,43832,40173,30841,0
566,565000,43112,40328,30418,0
567,566000,42064,40473,30253,0
568,567000,40784,40596,30364,0
569,568000,39404,40684,30736,0
570,569000,38056,40728,31336,0
571,570000,36873,40725,32102,0
572,571000,35969,40675,32961,0
573,572000,35433,40582,33828,0
574,573000,35318,40456,34619,0
575,574000,35626,40309,35259,0
576,575000,36342,40155,35681,0
577,576000,37382,40009,35849,0
578,577000,38659,39886,35743,0
579,578000,40037,39798,35374,0
580,579000,41389,39753,34776,0
581,580000,42577,39755,34009,0
582,581000,43488,39806,33147,0
583,582000,44028,39899,32277,0
584,583000,44146,40026,31481,0
585,584000,43832,40173,30841,0
586,585000,43112,40328,30418,0
587,586000,42064,40473,30253,0
588,587000,40784,40596,30364,0
589,588000,39404,40684,30737,0
590,589000,38056,40728,31336,0
591,590000,36873,40725,32102,0
592,591000,35969,40675,32961,0
593,592000,35433,40582,33828,0
594,593000,35318,40456,34619,0
595,594000,35625,40309,35259,0
596,595000,36342,40155,35681,0
597,596000,37382,40009,35850,0
598,597000,38659,39886,35743,0
599,598000,40037,39798,35374,0
600,599000,41389,39753,34776,0
601,600000,42577,39755,34009,0
602,601000,43488,39806,33147,0
603,602000,44028,39899,32277,0
604,603000,44147,40026,31481,0
605,604000,43832,40173,30841,0
606,605000,43112,40328,30418,0
607,606000,42064,40473,30253,0
608,607000,40784,40596,30364,0
609,608000,39404,40684,30737,0
610,609000,38056,40728,31336,0
611,610000,36873,40725,32102,0
612,611000,35969,40675,32961,0
613,612000,35433,40582,33828,0
614,613000,35318,40456,34619,0
615,614000,35626,40309,35259,0
616,615000,36342,40155,35681,0
617,616000,37382,40009,35849,0
618,617000,38659,39886,35743,0
619,618000,40037,39798,35373,0
620,619000,41389,39753,34776,0
621,620000,42577,39755,34009,0
622,621000,43488,39806,33147,0
623,622000,44028,39899,32277,0
624,623000,44146,40026,31481,0
625,624000,43832,40173,30841,0
626,625000,43112,40328,30418,0
627,626000,42064,40473,30253,0
628,627000,40784,40596,30364,0
629,628000,39404,40684,30737,0
630,629000,38056,40728,31336,0
631,630000,36873,40725,32102,0
632,631000,35969,40675,32961,0
633,632000,35433,40582,33828,0
634,633000,35318,40456,34619,0
635,634000,35625,40309,35259,0
636,635000,36342,40155,35681,0
637,636000,37382,40009,35850,0
638,637000,38659,39886,35742,0
639,638000,40037,39798,35373,0
640,639000,41389,39753,34776,0
641,640000,42577,39755,34009,0
642,641000,43489,39806,33147,0
643,642000,44028,39899,32276,0
644,643000,44147,40026,31481,0
645,644000,43832,40173,30840,0
646,645000,43112,40328,30418,0
647,646000,42063,40473,30253,0
648,647000,40784,40596,30364,0
649,648000,39404,40684,30737,0
650,649000,38056,40728,31336,0
651,650000,36873,40725,32102,0
652,651000,35969,40675,32961,0
653,652000,35433,40582,33828,0
654,653000,35318,40456,34619,0
655,654000,35626,40309,35259,0
656,655000,36342,40155,35681,0
657,656000,37382,40009,35849,0
658,657000,38659,39886,35743,0
659,658000,40037,39798,35373,0
660,659000,41389,39753,34776,0
661,660000,42577,39755,34009,0
662,661000,43488,39806,33147,0
663,662000,44028,39899,32277,0
664,663000,44146,40026,31481,0
665,664000,43832,40173,30841,0
666,665000,43112,40328,30418,0
667,666000,42063,40473,30253,0
668,667000,40784,40596,30364,0
669,668000,39404,40684,30737,0
670,669000,38056,40728,31336,0
671,670000,36873,40725,32102,0
672,671000,35969,40675,32961,0
673,672000,35433,40582,33828,0
674,673000,35318,40456,34619,0
675,674000,35626,40309,35259,0
676,675000,36342,40155,35681,0
677,676000,37382,40009,35849,0
678,677000,38659,39886,35743,0
679,678000,40037,39798,35373,0
680,679000,41389,39753,34776,0
681,680000,42577,39755,34009,0
682,681000,43488,39806,33147,0
683,682000,44028,39899,32276,0
684,683000,44146,40026,31481,0
685,684000,43832,40173,30840,0
686,685000,43112,40328,30418,0
687,686000,42063,40473,30253,0
688,687000,40783,40596,30364,0
689,688000,39404,40684,30737,0
690,689000,38056,40728,31336,0
691,690000,36873,40725,32102,0
692,691000,35969,40675,32961,0
693,692000,35433,40582,33828,0
694,693000,35318,40456,34619,0
695,694000,35626,40309,35259,0
696,695000,36342,40155,35681,0
697,696000,37382,40009,35850,0
698,697000,38660,39886,35742,0
699,698000,40037,39798,35373,0
700,699000,41389,39753,34776,0
701,700000,42577,39755,34009,0
702,701000,43489,39806,33147,0
703,702000,44028,39899,32276,0
704,703000,44147,40026,31481,0
705,704000,43832,40173,30840,0
706,705000,43112,40328,30418,0
707,706000,42063,40473,30253,0
708,707000,40783,40596,30364,0
709,708000,39404,40684,30737,0
710,709000,38056,40728,31336,0
711,710000,36873,40725,32103,0
712,711000,35969,40675,32961,0
713,712000,35433,40582,33828,0
714,713000,35318,40456,34619,0
715,714000,35626,40309,35259,0
716,715000,36342,40155,35681,0
717,716000,37382,40009,35849,0
718,717000,38659,39886,35743,0
719,718000,40037,39798,35373,0
720,719000,41389,39753,34776,0
721,720000,42577,39755,34009,0
722,721000,43488,39806,33147,0
723,722000,44028,39899,32276,0
724,723000,44146,40026,31481,0
725,724000,43832,40173,30840,0
726,725000,43112,40328,30418,0
727,726000,42063,40473,30253,0
728,727000,40783,40596,30364,0
729,728000,39404,40684,30737,0
730,729000,38056,40728,31336,0
731,730000,36873,40725,32103,0
732,731000,35969,40675,32961,0
733,732000,35433,40582,33828,0
734,733000,35318,40456,34619,0
735,734000,35626,40309,35259,0
736,735000,36342,40155,35681,0
737,736000,37382,40009,35849,0
738,737000,38659,39886,35743,0
739,738000,40037,39798,35373,0
740,739000,41389,39753,34776,0
741,740000,42577,39755,34009,0
742,741000,43488,39806,33147,0
743,742000,44028,39899,32276,0
744,743000,44146,40026,31481,0
745,744000,43832,40173,30840,0
746,745000,43112,40328,30418,0
747,746000,42063,40473,30253,0
748,747000,40783,40596,30364,0
749,748000,39404,40684,30737,0
750,749000,38056,40728,31336,0
751,750000,36873,40725,32103,0
752,751000,35968,40675,32961,0
753,752000,35433,40582,33828,0
754,753000,35318,40456,34619,0
755,754000,35626,40309,35259,0
756,755000,36342,40155,35681,0
757,756000,37382,40009,35850,0
758,757000,38660,39886,35742,0
759,758000,40037,39798,35373,0
760,759000,41389,39753,34776,0
761,760000,42578,39755,34009,0
762,761000,43489,39806,33147,0
763,762000,44028,39899,32276,0
764,763000,44146,40026,31481,0
765,764000,43832,40173,30840,0
766,765000,43112,40328,30418,0
767,766000,42063,40473,30253,0
768,767000,40783,40596,30364,0
769,768000,39404,40684,30737,0
770,769000,38056,40728,31336,0
771,770000,36873,40725,32103,0
772,771000,35968,40675,32961,0
773,772000,35433,40582,33828,0
774,773000,35318,40456,34619,0
775,774000,35626,40309,35259,0
776,775000,36342,40155,35681,0
777,776000,37382,40009,35849,0
778,777000,38660,39886,35743,0
779,778000,40037,39798,35373,0
780,779000,41389,39753,34776,0
781,780000,42578,39755,34009,0
782,781000,43489,39806,33147,0
783,782000,44028,39899,32276,0
784,783000,44146,40026,31481,0
785,784000,43832,40173,30840,0
786,785000,43112,40328,30418,0
787,786000,42063,40473,30253,0
788,787000,40783,40596,30364,0
789,788000,39404,40684,30737,0
790,789000,38056,40728,31336,0
791,790000,36873,40725,32103,0
792,791000,35968,40675,32961,0
793,792000,35433,40582,33828,0
794,793000,35318,40456,34619,0
795,794000,35626,40309,35259,0
796,795000,36342,40155,35681,0
797,796000,37382,40009,35849,0
798,797000,38660,39886,35743,0
799,798000,40038,39798,35373,0
800,799000,41389,39753,34776,0
801,800000,42578,39755,34009,0
802,801000,43489,39806,33147,0
803,802000,44028,39899,32276,0
804,803000,44146,40026,31481,0
805,804000,43832,40173,30840,0
806,805000,43112,40328,30418,0
807,806000,42063,40473,30253,0
808,807000,40783,40596,30364,0
809,808000,39404,40684,30737,0
810,809000,38056,40728,31336,0
811,810000,36873,40725,32103,0
812,811000,35968,40675,32961,0
813,812000,35433,40582,33828,0
814,813000,35318,40456,34619,0
815,814000,35626,40309,35259,0
816,815000,36342,40155,35682,0
817,816000,37382,40009,35850,0
818,817000,38660,39886,35742,0
819,818000,40038,39798,35373,0
820,819000,41389,39753,34776,0
821,820000,42578,39755,34009,0
822,821000,43489,39806,33147,0
823,822000,44028,39899,32276,0
824,823000,44146,40026,31481,0
825,824000,43832,40173,30840,0
826,825000,43112,40328,30418,0
827,826000,42063,40473,30253,0
828,827000,40783,40596,30364,0
829,828000,39404,40684,30737,0
830,829000,38056,40728,31336,0
831,830000,36873,40725,32103,0
832,831000,35968,40675,32961,0
833,832000,35433,40582,33828,0
834,833000,35318,40456,34619,0
835,834000,35626,40309,35259,0
836,835000,36342,40155,35681,0
837,836000,37383,40009,35849,0
838,837000,38660,39886,35743,0
839,838000,40038,39798,35373,0
840,839000,41389,39753,34776,0
841,840000,42578,39755,34009,0
842,841000,43489,39806,33147,0
843,842000,44028,39899,32276,0
844,843000,44146,40026,31481,0
845,844000,43832,40173,30840,0
846,845000,43112,40328,30418,0
847,846000,42063,40473,30253,0
848,847000,40783,40596,30364,0
849,848000,39404,40684,30737,0
850,849000,38056,40728,31336,0
851,850000,36873,40725,32103,0
852,851000,35968,40675,32961,0
853,852000,35433,40582,33828,0
854,853000,35318,40455,34619,0
855,854000,35626,40309,35259,0
856,855000,36342,40155,35682,0
857,856000,37382,40009,35850,0
858,857000,38660,39886,35742,0
859,858000,40038,39798,35373,0
860,859000,41389,39753,34776,0
861,860000,42578,39755,34009,0
862,861000,43489,39806,33147,0
863,862000,44028,39899,32276,0
864,863000,44146,40026,31481,0
865,864000,43832,40173,30840,0
866,865000,43112,40328,30418,0
867,866000,42063,40473,30253,0
868,867000,40783,40596,30364,0
869,868000,39404,40684,30737,0
870,869000,38056,40728,31336,0
871,870000,36873,40725,32103,0
872,871000,35968,40675,32961,0
873,872000,35433,40582,33828,0
874,873000,35318,40455,34619,0
875,874000,35626,40309,35259,0
876,875000,36342,40155,35681,0
877,876000,37383,40009,35849,0
878,877000,38660,39886,35743,0
879,878000,40038,39798,35373,0
880,879000,41389,39753,34776,0
881,880000,42578,39755,34009,0
882,881000,43489,39806,33147,0
883,882000,44028,39899,32276,0
884,883000,44146,40026,31481,0
885,884000,43832,40173,30840,0
886,885000,43112,40328,30418,0
887,886000,42063,40473,30253,0
888,887000,40783,40596,30364,0
889,888000,39404,40684,30737,0
890,889000,38056,40728,31336,0
891,890000,36873,40725,32103,0
892,891000,35968,40675,32961,0
893,892000,35433,40582,33828,0
894,893000,35318,40455,34619,0
895,894000,35626,40309,35259,0
896,895000,36342,40155,35681,0
897,896000,37383,40009,35849,0
898,897000,38660,39886,35743,0
899,898000,40038,39798,35373,0
900,899000,41389,39753,34776,0
901,900000,42578,39755,34009,0
902,901000,43489,39806,33147,0
903,902000,44028,39899,32276,0
904,903000,44146,40026,31481,0
905,904000,43832,40173,30840,0
906,905000,43112,40328,30418,0
907,906000,42063,40473,30253,0
908,907000,40783,40596,30364,0
909,908000,39404,40684,30737,0
910,909000,38056,40728,31336,0
911,910000,36872,40725,32103,0
912,911000,35968,40675,32961,0
913,912000,35433,40582,33828,0
914,913000,35318,40455,34619,0
915,914000,35626,40309,35259,0
916,915000,36342,40155,35682,0
917,916000,37383,40009,35850,0
918,917000,38660,39886,35742,0
919,918000,40038,39798,35373,0
920,919000,41389,39753,34776,0
921,920000,42578,39755,34009,0
922,921000,43489,39806,33147,0
923,922000,44028,39899,32276,0
924,923000,44146,40026,31481,0
925,924000,43832,40173,30840,0
926,925000,43112,40328,30418,0
927,926000,42063,40473,30253,0
928,927000,40783,40596,30364,0
929,928000,39404,40684,30737,0
930,929000,38056,40728,31336,0
931,930000,36872,40725,32103,0
932,931000,35968,40675,32962,0
933,932000,35433,40582,33828,0
934,933000,35318,40455,34619,0
935,934000,35626,40309,35259,0
936,935000,36342,40155,35681,0
937,936000,37383,40009,35849,0
938,937000,38660,39886,35742,0
939,938000,40038,39798,35373,0
940,939000,41389,39753,34776,0
941,940000,42578,39755,34009,0
942,941000,43489,39806,33147,0
943,942000,44028,39899,32276,0
944,943000,44146,40026,31481,0
945,944000,43831,40173,30840,0
946,945000,43112,40328,30418,0
947,946000,42063,40473,30253,0
948,947000,40783,40596,30364,0
949,948000,39404,40684,30737,0
950,949000,38056,40728,31336,0
951,950000,36872,40725,32103,0
952,951000,35968,40675,32962,0
953,952000,35433,40582,33828,0
954,953000,35318,40455,34619,0
955,954000,35626,40309,35259,0
956,955000,36342,40155,35681,0
957,956000,37383,40009,35849,0
958,957000,38660,39886,35742,0
959,958000,40038,39798,35373,0
960,959000,41389,39753,34776,0
961,960000,42578,39755,34009,0
962,961000,43489,39806,33147,0
963,962000,44028,39899,32276,0
964,963000,44146,40026,31481,0
965,964000,43831,40173,30840,0
966,965000,43112,40328,30418,0
967,966000,42063,40473,30253,0
968,967000,40783,40596,30364,0
969,968000,39404,40684,30737,0
970,969000,38056,40728,31336,0
971,970000,36872,40725,32103,0
972,971000,35968,40675,32962,0
973,972000,35433,40582,33828,0
974,973000,35318,40455,34619,0
975,974000,35626,40309,35259,0
976,975000,36342,40155,35682,0
977,976000,37383,40009,35850,0
978,977000,38660,39886,35742,0
979,978000,40038,39798,35373,0
980,979000,41390,39753,34776,0
981,980000,42578,39755,34009,0
982,981000,43489,39806,33147,0
983,982000,44028,39899,32276,0
984,983000,44146,40026,31481,0
985,984000,43831,40173,30840,0
986,985000,43112,40328,30418,0
987,986000,42063,40473,30253,0
988,987000,40783,40596,30364,0
989,988000,39403,40684,30737,0
990,989000,38056,40728,31336,0
991,990000,36872,40725,32103,0
992,991000,35968,40675,32962,0
993,992000,35433,40582,33828,0
994,993000,35318,40455,34619,0
995,994000,35626,40309,35259,0
996,995000,36342,40155,35681,0
997,996000,37383,40009,35849,0
998,997000,38660,39886,35742,0
999,998000,40038,39798,35373,0
1000,999000,41389,39753,34776,0
1001,1000000,32328,22247,27455,0
1002,1001000,34104,17713,26722,1
1003,1002000,16965,13301,14692,1
1004,1003000,16100,4066,12429,1
1005,1004000,2366,2858,4186,1
1006,1005000,3823,665,4761,1
1007,1006000,0,0,4167,1
1008,1007000,3328,3443,8607,1
1009,1008000,7934,11312,13733,1
1010,1009000,12949,14770,19183,1
1011,1010000,21613,20808,27243,1
1012,1011000,28066,30242,32252,1
1013,1012000,38438,35809,39995,1
1014,1013000,45414,42307,44128,1
1015,1014000,54096,48093,48712,1
1016,1015000,58668,49262,49582,1
1017,1016000,62446,49796,49467,1
1018,1017000,62530,49214,46802,1
1019,1018000,59531,45529,42689,1
1020,1019000,54341,39800,37009,1
1021,1020000,46272,34650,30481,1
1022,1021000,37989,27484,24075,1
1023,1022000,28441,20876,18023,1
1024,1023000,20310,15832,13341,1
1025,1024000,13101,11670,9902,1
1026,1025000,8271,9349,8694,1
1027,1026000,5464,9662,9359,1
1028,1027000,5952,11604,12130,1
1029,1028000,8786,15395,16745,1
1030,1029000,14377,21246,22853,1
1031,1030000,21947,27547,29581,1
1032,1031000,30636,34159,36444,1
1033,1032000,39913,40780,42448,1
1034,1033000,48715,46500,47325,1
1035,1034000,56301,50792,50672,1
1036,1035000,61922,53190,51844,1
1037,1036000,64985,53338,51077,1
1038,1037000,64885,51583,48284,1
1039,1038000,62629,48201,43806,1
1040,1039000,57224,43083,37872,1
1041,1040000,50127,36906,31308,1
1042,1041000,41376,30309,24481,1
1043,1042000,32111,24027,18539,1
1044,1043000,23422,18766,13657,1
1045,1044000,16148,14814,10365,1
1046,1045000,10716,12702,9208,1
1047,1046000,7956,12865,10018,1
1048,1047000,7932,15046,12983,1
1049,1048000,10378,18958,17776,1
1050,1049000,15515,24386,23995,1
1051,1050000,22546,30646,30923,1
1052,1051000,31034,37243,37936,1
1053,1052000,40306,43640,43975,1
1054,1053000,48940,49040,49036,1
1055,1054000,56496,52972,52275,1
1056,1055000,62125,55112,53434,1
1057,1056000,65198,55113,52560,1
1058,1057000,65535,53064,49519,1
1059,1058000,63546,49458,44811,1
1060,1059000,58570,44195,38548,1
1061,1060000,51872,38063,31634,1
1062,1061000,43397,31608,24589,1
1063,1062000,34263,25443,18503,1
1064,1063000,25806,20196,13418,1
1065,1064000,18411,16528,10141,1
1066,1065000,12950,14700,8929,1
1067,1066000,9942,14990,9855,1
1068,1067000,9536,17333,13006,1
1069,1068000,11595,21285,18028,1
1070,1069000,16270,26693,24522,1
1071,1070000,22844,32971,31731,1
1072,1071000,31023,39448,38935,1
1073,1072000,40047,45593,45115,1
1074,1073000,48419,50814,50365,1
1075,1074000,55961,54501,53603,1
1076,1075000,61487,56291,54840,1
1077,1076000,64758,56024,53825,1
1078,1077000,65381,53738,50621,1
1079,1078000,63752,49913,45606,1
1080,1079000,59242,44600,39018,1
1081,1080000,53001,38448,31765,1
1082,1081000,44847,32035,24456,1
1083,1082000,36007,26034,18158,1
1084,1083000,27751,20995,12870,1
1085,1084000,20359,17535,9562,1
1086,1085000,14896,15978,8292,1
1087,1086000,11635,16499,9358,1
1088,1087000,10892,19012,12673,1
1089,1088000,12519,23095,17985,1
1090,1089000,16707,28533,24777,1
1091,1090000,22813,34756,32299,1
1092,1091000,30671,41145,39722,1
1093,1092000,39349,47134,46134,1
1094,1093000,47522,52104,51545,1
1095,1094000,54952,55509,54856,1
1096,1095000,60469,56984,56118,1
1097,1096000,63930,56420,54972,1
1098,1097000,64919,53914,51597,1
1099,1098000,63675,49901,46237,1
1100,1099000,59681,44493,39316,1
1101,1100000,53890,38355,31711,1
1102,1101000,46072,32043,24149,1
1103,1102000,37597,26183,17587,1
1104,1103000,29507,21374,12136,1
1105,1104000,22210,18178,8745,1
1106,1105000,16672,16906,7476,1
1107,1106000,13172,17694,8690,1
1108,1107000,12041,20393,12202,1
1109,1108000,13217,24596,17833,1
1110,1109000,16880,30083,24952,1
1111,1110000,22537,36266,32795,1
1112,1111000,30057,42539,40450,1
1113,1112000,38371,48351,47122,1
1114,1113000,46375,53066,52673,1
1115,1114000,53673,56164,56083,1
1116,1115000,59251,57327,57330,1
1117,1116000,62936,56463,56034,1
1118,1117000,64336,53735,52460,1
1119,1118000,63517,49559,46729,1
1120,1119000,60084,44086,39459,1
1121,1120000,54719,37974,31503,1
1122,1121000,47260,31781,23696,1
1123,1122000,39141,26092,16861,1
1124,1123000,31191,21538,11280,1
1125,1124000,24008,18639,7792,1
1126,1125000,18347,17662,6568,1
1127,1126000,14589,18721,7946,1
1128,1127000,13031,21611,11695,1
1129,1128000,13721,25932,17672,1
1130,1129000,16842,31451,25135,1
1131,1130000,22062,37579,33302,1
1132,1131000,29233,43724,41192,1
1133,1132000,37194,49337,48128,1
1134,1133000,45074,53783,53789,1
1135,1134000,52240,56556,57304,1
1136,1135000,57969,57401,58477,1
1137,1136000,61890,56254,57023,1
1138,1137000,63753,53321,53198,1
1139,1138000,63392,49002,47091,1
1140,1139000,60529,43493,39469,1
1141,1140000,55553,37437,31179,1
1142,1141000,48501,31372,23110,1
1143,1142000,40669,25889,16037,1
1144,1143000,32879,21603,10332,1
1145,1144000,25750,19020,6777,1
1146,1145000,19921,18348,5642,1
1147,1146000,15879,19666,7199,1
1148,1147000,13855,22734,11225,1
1149,1148000,14043,27160,17558,1
1150,1149000,16626,32691,25366,1
1151,1150000,21470,38738,33822,1
1152,1151000,28226,44749,41989,1
1153,1152000,35936,50137,49126,1
1154,1153000,43635,54302,54932,1
1155,1154000,50770,56750,58489,1
1156,1155000,56678,57278,59565,1
1157,1156000,60891,55869,57920,1
1158,1157000,63239,52757,53810,1
1159,1158000,63366,48313,47324,1
1160,1159000,61043,42803,39362,1
1161,1160000,56420,36836,30778,1
1162,1161000,49792,30898,22431,1
1163,1162000,42165,25648,15177,1
1164,1163000,34571,21645,9324,1
1165,1164000,27420,19370,5756,1
1166,1165000,21400,19006,4732,1
1167,1166000,17031,20561,6498,1
1168,1167000,14529,23780,10819,1
1169,1168000,14194,28309,17515,1
1170,1169000,16284,33819,25650,1
1171,1170000,20752,39767,34381,1
1172,1171000,27120,45636,42814,1
1173,1172000,34647,50783,50105,1
1174,1173000,42151,54655,56069,1
1175,1174000,49338,56793,59612,1
1176,1175000,55432,57021,60585,1
1177,1176000,59992,55377,58712,1
1178,1177000,62810,52110,54310,1
1179,1178000,63449,47550,47453,1
1180,1179000,61587,42089,39179,1
1181,1180000,57362,36214,30297,1
1182,1181000,51081,30426,21712,1
1183,1182000,43648,25409,14294,1
1184,1183000,36206,21705,8321,1
1185,1184000,28972,19724,4780,1
1186,1185000,22757,19645,3876,1
1187,1186000,18017,21411,5875,1
1188,1187000,15067,24760,10485,1
1189,1188000,14210,29381,17534,1
1190,1189000,15892,34833,25953,1
1191,1190000,19932,40685,34984,1
1192,1191000,26017,46387,43622,1
1193,1192000,33318,51300,51091,1
1194,1193000,40719,54879,57146,1
1195,1194000,47984,56720,60656,1
1196,1195000,54294,56679,61507,1
1197,1196000,59224,54830,59393,1
1198,1197000,62492,51432,54702,1
1199,1198000,63598,46792,47512,1
1200,1199000,62169,41381,38942,1
1201,1200000,58318,35612,29780,1
1202,1201000,52327,29991,20995,1
1203,1202000,45091,25202,13411,1
1204,1203000,37730,21781,7368,1
1205,1204000,30400,20083,3868,1
1206,1205000,23963,20254,3102,1
1207,1206000,18847,22202,5338,1
1208,1207000,15470,25670,10226,1
1209,1208000,14164,30345,17584,1
1210,1209000,15418,35764,26296,1
1211,1210000,19112,41502,35575,1
1212,1211000,24925,47054,44408,1
1213,1212000,32041,51739,52026,1
1214,1213000,39394,55039,58135,1
1215,1214000,46757,56613,61597,1
1216,1215000,53294,56338,62317,1
1217,1216000,58585,54312,59968,1
1218,1217000,62255,50799,55014,1
1219,1218000,63805,46112,47510,1
1220,1219000,62768,40734,38671,1
1221,1220000,59244,35078,29263,1
1222,1221000,53514,29611,20297,1
1223,1222000,46431,25036,12583,1
1224,1223000,39113,21880,6496,1
1225,1224000,31662,20433,3056,1
1226,1225000,25000,20824,2429,1
1227,1226000,19541,22928,4882,1
1228,1227000,15767,26493,10033,1
1229,1228000,14045,31198,17676,1
1230,1229000,14935,36578,26642,1
1231,1230000,18309,42192,36150,1
1232,1231000,23881,47573,45157,1
1233,1232000,30851,52048,52893,1
1234,1233000,38176,55096,59043,1
1235,1234000,45670,56427,62431,1
1236,1235000,52450,55945,63009,1
1237,1236000,58054,53770,60456,1
1238,1237000,62123,50169,55239,1
1239,1238000,64044,45456,47473,1
1240,1239000,63352,40116,38394,1
1241,1240000,60124,34578,28765,1
1242,1241000,54612,29280,19645,1
1243,1242000,47658,24904,11825,1
1244,1243000,40359,21979,5704,1
1245,1244000,32763,20760,2345,1
1246,1245000,25878,21340,1855,1
1247,1246000,20117,23577,4501,1
1248,1247000,15963,27218,9902,1
1249,1248000,13899,31943,17780,1
1250,1249000,14466,37283,26974,1
1251,1250000,17561,42781,36682,1
1252,1251000,22938,48002,45832,1
1253,1252000,29777,52284,53674,1
1254,1253000,37106,55118,59844,1
1255,1254000,44735,56235,63155,1
1256,1255000,51735,55578,63603,1
1257,1256000,57622,53277,60865,1
1258,1257000,62051,49609,55410,1
1259,1258000,64280,44879,47425,1
1260,1259000,63894,39578,38133,1
1261,1260000,60915,34144,28319,1
1262,1261000,55581,29001,19070,1
1263,1262000,48742,24804,11158,1
1264,1263000,41431,22072,5023,1
1265,1264000,33703,21052,1737,1
1266,1265000,26621,21787,1370,1
1267,1266000,20588,24136,4189,1
1268,1267000,16107,27838,9806,1
1269,1268000,13757,32575,17881,1
1270,1269000,14044,37874,27272,1
1271,1270000,16910,43277,37146,1
1272,1271000,22126,48354,46417,1
1273,1272000,28844,52468,54358,1
1274,1273000,36205,55126,60522,1
1275,1274000,43949,56061,63771,1
1276,1275000,51136,55263,64107,1
1277,1276000,57279,52858,61203,1
1278,1277000,62004,49135,55553,1
1279,1278000,64490,44395,47385,1
1280,1279000,64364,39129,37910,1
1281,1280000,61585,33778,27945,1
1282,1281000,56400,28769,18589,1
1283,1282000,49672,24724,10593,1
1284,1283000,42323,22149,4461,1
1285,1284000,34493,21293,1231,1
1286,1285000,27242,22151,965,1
1287,1286000,20974,24592,3934,1
1288,1287000,16231,28345,9723,1
1289,1288000,13644,33091,17961,1
1290,1289000,13698,38357,27516,1
1291,1290000,16383,43687,37525,1
1292,1291000,21464,48644,46896,1
1293,1292000,28078,52622,54925,1
1294,1293000,35480,55138,61075,1
1295,1294000,43307,55927,64282,1
1296,1295000,50649,55017,64526,1
1297,1296000,57002,52528,61487,1
1298,1297000,61958,48759,55683,1
1299,1298000,64652,44011,47368,1
1300,1299000,64738,38771,37745,1
1301,1300000,62115,33480,27661,1
1302,1301000,57054,28577,18214,1
1303,1302000,50421,24651,10145,1
1304,1303000,43036,22199,4019,1
1305,1304000,35135,21470,825,1
1306,1305000,27752,22424,637,1
1307,1306000,21298,24940,3723,1
1308,1307000,16356,28738,9642,1
1309,1308000,13583,33492,18007,1
1310,1309000,13452,38736,27693,1
1311,1310000,15997,44017,37805,1
1312,1311000,20968,48883,47262,1
1313,1312000,27499,52759,55362,1
1314,1313000,34925,55170,61505,1
1315,1314000,42809,55848,64688,1
1316,1315000,50263,54853,64865,1
1317,1316000,56774,52298,61727,1
1318,1317000,61899,48488,55813,1
1319,1318000,64751,43729,47385,1
1320,1319000,64998,38502,37651,1
1321,1320000,62494,33248,27474,1
1322,1321000,57535,28420,17953,1
1323,1322000,50976,24578,9825,1
1324,1323000,43574,22213,3695,1
1325,1324000,35631,21575,518,1
1326,1325000,28158,22602,381,1
1327,1326000,21574,25176,3546,1
1328,1327000,16493,29013,9553,1
1329,1328000,13587,33780,18012,1
1330,1329000,13321,39017,27790,1
1331,1330000,15762,44271,37984,1
1332,1331000,20645,49081,47508,1
1333,1332000,27113,52891,55663,1
1334,1333000,34540,55230,61816,1
1335,1334000,42452,55834,64991,1
1336,1335000,49974,54777,65131,1
1337,1336000,56584,52172,61933,1
1338,1337000,61817,48325,55949,1
1339,1338000,64775,43548,47446,1
1340,1339000,65132,38321,37636,1
1341,1340000,62716,33081,27390,1
1342,1341000,57836,28291,17810,1
1343,1342000,51332,24498,9635,1
1344,1343000,43940,22187,3486,1
1345,1344000,35983,21606,307,1
1346,1345000,28466,22682,192,1
1347,1346000,21814,25299,3397,1
1348,1347000,16652,29170,9452,1
1349,1348000,13664,33959,17968,1
1350,1349000,13313,39204,27804,1
1351,1350000,15681,44454,38056,1
1352,1351000,20497,49244,47632,1
1353,1352000,26921,53023,55829,1
1354,1353000,34321,55325,62008,1
1355,1354000,42234,55889,65194,1
1356,1355000,49775,54793,65328,1
1357,1356000,56424,52151,62110,1
1358,1357000,61707,48272,56096,1
1359,1358000,64719,43468,47553,1
1360,1359000,65138,38226,37703,1
1361,1360000,62779,32977,27409,1
1362,1361000,57957,28190,17786,1
1363,1362000,51491,24409,9574,1
1364,1363000,44140,22119,3390,1
1365,1364000,36197,21561,192,1
1366,1365000,28685,22665,67,1
1367,1366000,22022,25312,3273,1
1368,1367000,16835,29213,9337,1
1369,1368000,13818,34033,17875,1
1370,1369000,13428,39301,27736,1
1371,1370000,15754,44570,38024,1
1372,1371000,20524,49375,47637,1
1373,1372000,26918,53160,55864,1
1374,1373000,34264,55457,62087,1
1375,1374000,42149,56013,65301,1
1376,1375000,49659,54899,65460,1
1377,1376000,56292,52234,62260,1
1378,1377000,61568,48326,56255,1
1379,1378000,64584,43487,47707,1
1380,1379000,65019,38213,37849,1
1381,1380000,62687,32933,27529,1
1382,1381000,57905,28114,17878,1
1383,1382000,51461,24312,9637,1
1384,1383000,44178,22011,3405,1
1385,1384000,36277,21443,168,1
1386,1385000,28816,22555,3,1
1387,1386000,22201,25218,3172,1
1388,1387000,17042,29146,9208,1
1389,1388000,14047,34004,17734,1
1390,1389000,13663,39311,27587,1
1391,1390000,15977,44623,37891,1
1392,1391000,20718,49476,47527,1
1393,1392000,27098,53300,55772,1
1394,1393000,34362,55624,62055,1
1395,1394000,42193,56204,65315,1
1396,1395000,49627,55093,65528,1
1397,1396000,56185,52418,62385,1
1398,1397000,61401,48485,56424,1
1399,1398000,64373,43603,47905,1
1400,1399000,64780,38282,38071,1
1401,1400000,62446,32948,27747,1
1402,1401000,57685,28065,18080,1
1403,1402000,51252,24207,9819,1
1404,1403000,44060,21866,3525,1
1405,1404000,36231,21257,231,1
1406,1405000,28862,22357,0,1
1407,1406000,22348,25023,3095,1
1408,1407000,17272,28974,9067,1
1409,1408000,14344,33878,17549,1
1410,1409000,14009,39238,27364,1
1411,1410000,16340,44614,37662,1
1412,1411000,21072,49546,47308,1
1413,1412000,27448,53441,55564,1
1414,1413000,34610,55820,61917,1
1415,1414000,42357,56457,65242,1
1416,1415000,49675,55368,65535,1
1417,1416000,56110,52696,62481,1
1418,1417000,61198,48750,56608,1
1419,1418000,64096,43809,48145,1
1420,1419000,64433,38428,38360,1
1421,1420000,62062,33016,28061,1
1422,1421000,57327,28048,18372,1
1423,1422000,50877,24101,10112,1
1424,1423000,43802,21692,3741,1
1425,1424000,36065,21008,377,1
1426,1425000,28826,22075,53,1
1427,1426000,22461,24737,3047,1
1428,1427000,17555,28684,8897,1
1429,1428000,14712,33657,17317,1
1430,1429000,14449,39091,27080,1
1431,1430000,16848,44554,37335,1
1432,1431000,21529,49582,47018,1
1433,1432000,27963,53578,55243,1
1434,1433000,34985,56039,61688,1
1435,1434000,42639,56768,65085,1
1436,1435000,49808,55722,65479,1
1437,1436000,56066,53059,62548,1
1438,1437000,60943,49126,56821,1
1439,1438000,63739,44108,48431,1
1440,1439000,63988,38639,38712,1
1441,1440000,61546,33138,28452,1
1442,1441000,56839,28053,18750,1
1443,1442000,50371,24005,10492,1
1444,1443000,43400,21493,4059,1
1445,1444000,35798,20702,594,1
1446,1445000,28700,21719,171,1
1447,1446000,22545,24363,3023,1
1448,1447000,17859,28303,8713,1
1449,1448000,15148,33347,17044,1
1450,1449000,14999,38874,26717,1
1451,1450000,17451,44430,36949,1
1452,1451000,22157,49590,46611,1
1453,1452000,28553,53700,54874,1
1454,1453000,35520,56279,61347,1
1455,1454000,43003,57127,64870,1
1456,1455000,50025,56141,65360,1
1457,1456000,56041,53523,62590,1
1458,1457000,60697,49569,57024,1
1459,1458000,63307,44494,48757,1
1460,1459000,63433,38916,39144,1
1461,1460000,60959,33318,28890,1
1462,1461000,56179,28098,19248,1
1463,1462000,49802,23920,10911,1
1464,1463000,42840,21274,4484,1
1465,1464000,35428,20354,878,1
1466,1465000,28494,21299,346,1
1467,1466000,22591,23877,3026,1
1468,1467000,18141,27854,8546,1
1469,1468000,15655,32950,16728,1
1470,1469000,15646,38590,26289,1
1471,1470000,18127,44261,36512,1
1472,1471000,22928,49553,46105,1
1473,1472000,29238,53808,54440,1
1474,1473000,36175,56539,60919,1
1475,1474000,43499,57521,64568,1
1476,1475000,50297,56617,65196,1
1477,1476000,56089,54085,62590,1
1478,1477000,60456,50085,57215,1
1479,1478000,62825,44958,49115,1
1480,1479000,62790,39268,39620,1
1481,1480000,60256,33522,29404,1
1482,1481000,55422,28182,19805,1
1483,1482000,49073,23848,11441,1
1484,1483000,42208,21031,4960,1
1485,1484000,34910,19977,1260,1
1486,1485000,28238,20827,559,1
1487,1486000,22557,23313,3073,1
1488,1487000,18412,27336,8387,1
1489,1488000,16185,32482,16392,1
1490,1489000,16365,38226,25819,1
1491,1490000,18947,44070,35984,1
1492,1491000,23755,49475,45562,1
1493,1492000,30103,53897,53883,1
1494,1493000,36867,56816,60458,1
1495,1494000,44118,57937,64175,1
1496,1495000,50617,57142,64987,1
1497,1496000,56201,54696,62553,1
1498,1497000,60235,50663,57389,1
1499,1498000,62347,45483,49474,1
1500,1499000,62070,39699,40141,1
1501,1500000,59420,33763,30001,1
1502,1501000,54613,28307,20395,1
1503,1502000,48195,23797,12066,1
1504,1503000,41526,20779,5466,1
1505,1504000,34285,19575,1713,1
1506,1505000,27906,20295,836,1
1507,1506000,22472,22711,3152,1
1508,1507000,18640,26748,8267,1
1509,1508000,16710,31960,16050,1
1510,1509000,17149,37791,25310,1
1511,1510000,19859,43822,35387,1
1512,1511000,24663,49359,44974,1
1513,1512000,31059,53960,53264,1
1514,1513000,37669,57091,59927,1
1515,1514000,44812,58379,63724,1
1516,1515000,51061,57738,64686,1
1517,1516000,56332,55342,62496,1
1518,1517000,60074,51310,57513,1
1519,1518000,61853,46058,49847,1
1520,1519000,61309,40181,40689,1
1521,1520000,58521,34070,30646,1
1522,1521000,53665,28446,21066,1
1523,1522000,47268,23771,12732,1
1524,1523000,40664,20531,6082,1
1525,1524000,33641,19152,2189,1
1526,1525000,27436,19698,1190,1
1527,1526000,22384,22070,3238,1
1528,1527000,18810,26099,8183,1
1529,1528000,17263,31382,15699,1
1530,1529000,17946,37324,24788,1
1531,1530000,20849,43511,34735,1
1532,1531000,25712,49245,44286,1
1533,1532000,32041,53996,52620,1
1534,1533000,38630,57356,59292,1
1535,1534000,45500,58828,63272,1
1536,1535000,51625,58384,64319,1
1537,1536000,56500,56026,62415,1
1538,1537000,59968,52006,57603,1
1539,1538000,61340,46693,50220,1
1540,1539000,60541,40683,41233,1
1541,1540000,57529,34431,31346,1
1542,1541000,52618,28597,21806,1
1543,1542000,46275,23754,13427,1
1544,1543000,39704,20304,6769,1
1545,1544000,32923,18722,2713,1
1546,1545000,26903,19068,1585,1
1547,1546000,22204,21401,3381,1
1548,1547000,18957,25412,8107,1
1549,1548000,17800,30737,15362,1
1550,1549000,18761,36825,24260,1
1551,1550000,21900,43150,34049,1
1552,1551000,26835,49090,43549,1
1553,1552000,33153,54063,51900,1
1554,1553000,39636,57580,58615,1
1555,1554000,46361,59316,62702,1
1556,1555000,52165,59026,63961,1
1557,1556000,56779,56742,62253,1
1558,1557000,59842,52735,57712,1
1559,1558000,60847,47391,50574,1
1560,1559000,59763,41255,41788,1
1561,1560000,56514,34875,32053,1
1562,1561000,51520,28854,22578,1
1563,1562000,45181,23758,14183,1
1564,1563000,38654,20139,7509,1
1565,1564000,32074,18311,3313,1
1566,1565000,26322,18515,2007,1
1567,1566000,21953,20747,3570,1
1568,1567000,19086,24742,8038,1
1569,1568000,18323,30108,15029,1
1570,1569000,19573,36306,23727,1
1571,1570000,22955,42775,33362,1
1572,1571000,27992,48913,42782,1
1573,1572000,34317,54122,51145,1
1574,1573000,40788,57864,57837,1
1575,1574000,47257,59796,62119,1
1576,1575000,52842,59672,63509,1
1577,1576000,57063,57494,62094,1
1578,1577000,59764,53514,57780,1
1579,1578000,60367,48120,50923,1
1580,1579000,58981,41868,42342,1
1581,1580000,55477,35315,32772,1
1582,1581000,50375,29091,23379,1
1583,1582000,44000,23770,14997,1
1584,1583000,37487,19914,8328,1
1585,1584000,31174,17881,3946,1
1586,1585000,25664,17918,2485,1
1587,1586000,21687,20039,3768,1
1588,1587000,19188,24001,7996,1
1589,1588000,18818,29415,14715,1
1590,1589000,20389,35723,23196,1
1591,1590000,24017,42361,32667,1
1592,1591000,29181,48697,41999,1
1593,1592000,35543,54138,50345,1
1594,1593000,42007,58114,57019,1
1595,1594000,48218,60262,61491,1
1596,1595000,53562,60311,63033,1
1597,1596000,57392,58247,61900,1
1598,1597000,59718,54305,57827,1
1599,1598000,59920,48868,51246,1
1600,1599000,58203,42507,42888,1
1601,1600000,54445,35788,33487,1
1602,1601000,49207,29353,24191,1
1603,1602000,42788,23800,15830,1
1604,1603000,36288,19710,9165,1
1605,1604000,30226,17457,4610,1
1606,1605000,24972,17320,2983,1
1607,1606000,21368,19321,4003,1
1608,1607000,19258,23239,7974,1
1609,1608000,19276,28690,14426,1
1610,1609000,21190,35106,22677,1
1611,1610000,25077,41906,31974,1
1612,1611000,30381,48452,41212,1
1613,1612000,36800,54124,49526,1
1614,1613000,43243,58339,56197,1
1615,1614000,49219,60711,60834,1
1616,1615000,54308,60938,62543,1
1617,1616000,57769,58999,61666,1
1618,1617000,59701,55106,57854,1
1619,1618000,59512,49636,51537,1
1620,1619000,57441,43173,43418,1
1621,1620000,53418,36293,34194,1
1622,1621000,48038,29645,24999,1
1623,1622000,41554,23862,16674,1
1624,1623000,35102,19530,9985,1
1625,1624000,29240,17051,5297,1
1626,1625000,24252,16735,3494,1
1627,1626000,21001,18607,4272,1
1628,1627000,19283,22466,7981,1
1629,1628000,19689,27950,14168,1
1630,1629000,21963,34464,22178,1
1631,1630000,26117,41423,31295,1
1632,1631000,31575,48175,40430,1
1633,1632000,38066,54080,48701,1
1634,1633000,44464,58536,55396,1
1635,1634000,50251,61136,60156,1
1636,1635000,55082,61551,62039,1
1637,1636000,58192,59742,61399,1
1638,1637000,59733,55910,57847,1
1639,1638000,59144,50419,51799,1
1640,1639000,56714,43858,43923,1
1641,1640000,52414,36820,34884,1
1642,1641000,46879,29966,25797,1
1643,1642000,40321,23955,17516,1
1644,1643000,33925,19378,10795,1
1645,1644000,28234,16673,5997,1
1646,1645000,23502,16169,4023,1
1647,1646000,20584,17904,4574,1
1648,1647000,19253,21697,8023,1
1649,1648000,20064,27211,13934,1
1650,1649000,22701,33811,21702,1
1651,1650000,27134,40920,30630,1
1652,1651000,32760,47869,39655,1
1653,1652000,39313,54007,47887,1
1654,1653000,45675,58701,54606,1
1655,1654000,51279,61533,59477,1
1656,1655000,55876,62140,61522,1
1657,1656000,58654,60469,61104,1
1658,1657000,59813,56707,57806,1
1659,1658000,58803,51222,52041,1
1660,1659000,56013,44564,44409,1
1661,1660000,51428,37364,35558,1
1662,1661000,45726,30313,26588,1
1663,1662000,39117,24078,18336,1
1664,1663000,32757,19256,11598,1
1665,1664000,27237,16327,6688,1
1666,1665000,22725,15627,4570,1
1667,1666000,20128,17221,4901,1
1668,1667000,19173,20937,8100,1
1669,1668000,20409,26481,13722,1
1670,1669000,23409,33149,21249,1
1671,1670000,28132,40396,29979,1
1672,1671000,33938,47537,38885,1
1673,1672000,40524,53903,47096,1
1674,1673000,46873,58836,53825,1
1675,1674000,52292,61895,58805,1
1676,1675000,56696,62704,60985,1
1677,1676000,59157,61175,60779,1
1678,1677000,59936,57493,57731,1
1679,1678000,58505,52024,52252,1
1680,1679000,55348,45282,44872,1
1681,1680000,50468,37923,36219,1
1682,1681000,44578,30688,27374,1
1683,1682000,37945,24225,19136,1
1684,1683000,31594,19170,12394,1
1685,1684000,26245,16011,7377,1
1686,1685000,21925,15115,5128,1
1687,1686000,19625,16560,5258,1
1688,1687000,19057,20196,8199,1
1689,1688000,20698,25750,13547,1
1690,1689000,24094,32495,20811,1
1691,1690000,29098,39865,29351,1
1692,1691000,35099,47186,38126,1
1693,1692000,41712,53770,46322,1
1694,1693000,48049,58939,53059,1
1695,1694000,53312,62221,58129,1
1696,1695000,57519,63238,60442,1
1697,1696000,59702,61856,60421,1
1698,1697000,60088,58267,57632,1
1699,1698000,58261,52819,52421,1
1700,1699000,54705,46015,45312,1
1701,1700000,49544,38501,36849,1
1702,1701000,43460,31086,28132,1
1703,1702000,36796,24398,19920,1
1704,1703000,30464,19118,13164,1
1705,1704000,25241,15729,8076,1
1706,1705000,21124,14636,5684,1
1707,1706000,19081,15921,5644,1
1708,1707000,18900,19478,8320,1
1709,1708000,20934,25024,13408,1
1710,1709000,24730,31840,20398,1
1711,1710000,30021,39320,28752,1
1712,1711000,36215,46810,37395,1
1713,1712000,42880,53607,45564,1
1714,1713000,49186,58985,52333,1
1715,1714000,54372,62447,57426,1
1716,1715000,58346,63677,59904,1
1717,1716000,60295,62449,60029,1
1718,1717000,60298,58964,57506,1
1719,1718000,58062,53535,52557,1
1720,1719000,54126,46674,45709,1
1721,1720000,48621,38961,37483,1
1722,1721000,42332,31335,28903,1
1723,1722000,35595,24441,20748,1
1724,1723000,29264,18940,13983,1
1725,1724000,24214,15327,8805,1
1726,1725000,20315,14033,6247,1
1727,1726000,18566,15154,6021,1
1728,1727000,18737,18628,8452,1
1729,1728000,21149,24151,13288,1
1730,1729000,25330,31030,20015,1
1731,1730000,30905,38613,28185,1
1732,1731000,37307,46261,36693,1
1733,1732000,44043,53256,44816,1
1734,1733000,50311,58882,51597,1
1735,1734000,55430,62607,56732,1
1736,1735000,59158,64040,59380,1
1737,1736000,60940,62973,59617,1
1738,1737000,60523,59600,57369,1
1739,1738000,57951,54208,52648,1
1740,1739000,53585,47309,46086,1
1741,1740000,47835,39524,38023,1
1742,1741000,41339,31735,29587,1
1743,1742000,34532,24637,21470,1
1744,1743000,28259,18916,14670,1
1745,1744000,23160,15090,9525,1
1746,1745000,19548,13588,6777,1
1747,1746000,17879,14547,6498,1
1748,1747000,18492,17935,8628,1
1749,1748000,21249,23423,13239,1
1750,1749000,25841,30348,19683,1
1751,1750000,31743,38033,27647,1
1752,1751000,38338,45821,36020,1
1753,1752000,45173,53009,44085,1
1754,1753000,51400,58850,50891,1
1755,1754000,56496,62789,56023,1
1756,1755000,59975,64426,58850,1
1757,1756000,61601,63528,59181,1
1758,1757000,60818,60273,57190,1
1759,1758000,57880,54920,52704,1
1760,1759000,53133,47993,46401,1
1761,1760000,47058,40108,38557,1
1762,1761000,40374,32187,30239,1
1763,1762000,33453,24894,22200,1
1764,1763000,27232,18985,15343,1
1765,1764000,22099,15013,10247,1
1766,1765000,18749,13290,7310,1
1767,1766000,17239,14082,6942,1
1768,1767000,18151,17368,8857,1
1769,1768000,21316,22814,13212,1
1770,1769000,26230,29775,19436,1
1771,1770000,32548,37615,27120,1
1772,1771000,39342,45562,35366,1
1773,1772000,46322,52922,43324,1
1774,1773000,52540,58937,50158,1
1775,1774000,57550,63052,55299,1
1776,1775000,60826,64895,58295,1
1777,1776000,62223,64174,58757,1
1778,1777000,61164,61046,56971,1
1779,1778000,57868,55743,52713,1
1780,1779000,52779,48796,46640,1
1781,1780000,46344,40771,39046,1
1782,1781000,39421,32672,30869,1
1783,1782000,32361,25219,22939,1
1784,1783000,26116,19084,16099,1
1785,1784000,21096,14854,10954,1
1786,1785000,17902,12936,7894,1
1787,1786000,16594,13558,7393,1
1788,1787000,17810,16734,9103,1
1789,1788000,21261,22108,13260,1
1790,1789000,26564,29079,19224,1
1791,1790000,33112,36930,26758,1
1792,1791000,40128,44939,34861,1
1793,1792000,47223,52455,42747,1
1794,1793000,53425,58683,49583,1
1795,1794000,58550,63031,54654,1
1796,1795000,61639,65065,57776,1
1797,1796000,62970,64519,58274,1
1798,1797000,61636,61512,56676,1
1799,1798000,58001,56282,52641,1
1800,1799000,52572,49349,46795,1
1801,1800000,45826,41338,39399,1
1802,1801000,38710,33130,31358,1
1803,1802000,31528,25520,23498,1
1804,1803000,25274,19202,16669,1
1805,1804000,20132,14792,11602,1
1806,1805000,17122,12677,8427,1
1807,1806000,15853,13132,7902,1
1808,1807000,17349,16181,9419,1
1809,1808000,21116,21487,13372,1
1810,1809000,26741,28448,19117,1
1811,1810000,33639,36356,26422,1
1812,1811000,40858,44447,34390,1
1813,1812000,48087,52095,42187,1
1814,1813000,54350,58495,48993,1
1815,1814000,59478,63027,54047,1
1816,1815000,62470,65244,57245,1
1817,1816000,63673,64871,57815,1
1818,1817000,62140,61997,56360,1
1819,1818000,58200,56844,52522,1
1820,1819000,52465,49929,46879,1
1821,1820000,45400,41884,39693,1
1822,1821000,38073,33607,31781,1
1823,1822000,30745,25859,24023,1
1824,1823000,24440,19410,17206,1
1825,1824000,19309,14889,12152,1
1826,1825000,16332,12594,8955,1
1827,1826000,15237,12887,8327,1
1828,1827000,16784,15810,9802,1
1829,1828000,20916,21044,13510,1
1830,1829000,26770,27989,19111,1
1831,1830000,34050,36005,26148,1
1832,1831000,41523,44207,33964,1
1833,1832000,48921,51969,41636,1
1834,1833000,55287,58487,48398,1
1835,1834000,60370,63130,53456,1
1836,1835000,63290,65535,56721,1
1837,1836000,64320,65324,57392,1
1838,1837000,62632,62587,56043,1
1839,1838000,58434,57512,52374,1
1840,1839000,52429,50616,46902,1
1841,1840000,45057,42479,39933,1
1842,1841000,40820,39858,34310,1
1843,1842000,40115,40582,31040,1
1844,1843000,41037,41003,28341,1
1845,1844000,45524,40266,29622,1
1846,1845000,45715,40303,28765,1
1847,1846000,47421,39975,29701,1
1848,1847000,45305,40478,28334,1
1849,1848000,44047,40799,27299,1
1850,1849000,42584,41072,26656,1
1851,1850000,40344,41300,26808,1
1852,1851000,38201,41415,27513,1
1853,1852000,35750,41370,29236,1
1854,1853000,32540,41445,30711,1
1855,1854000,30799,41343,32482,1
1856,1855000,29006,41233,34261,1
1857,1856000,28832,40929,36066,1
1858,1857000,29470,40536,37870,1
1859,1858000,30677,40129,39485,1
1860,1859000,32716,39771,40248,1
1861,1860000,35588,39430,40303,1
1862,1861000,38685,39198,39618,1
1863,1862000,42537,39016,38237,1
1864,1863000,45931,38942,36547,1
1865,1864000,48839,38977,34503,1
1866,1865000,50875,39137,32305,1
1867,1866000,51820,39393,30248,1
1868,1867000,51575,39770,28255,1
1869,1868000,50562,40151,26717,1
1870,1869000,48304,40569,25766,1
1871,1870000,45474,40941,25446,1
1872,1871000,42070,41232,25937,1
1873,1872000,38273,41458,27058,1
1874,1873000,34775,41552,28736,1
1875,1874000,31634,41525,30886,1
1876,1875000,29226,41390,33167,1
1877,1876000,27938,41114,35546,1
1878,1877000,27588,40775,37684,1
1879,1878000,28456,40370,39442,1
1880,1879000,30416,39945,40626,1
1881,1880000,33137,39562,41084,1
1882,1881000,36631,39214,40851,1
1883,1882000,40368,38964,39907,1
1884,1883000,44049,38825,38369,1
1885,1884000,47357,38805,36389,1
1886,1885000,49940,38916,34130,1
1887,1886000,51627,39137,31803,1
1888,1887000,52246,39449,29641,1
1889,1888000,51783,39829,27773,1
1890,1889000,50241,40235,26444,1
1891,1890000,47838,40629,25720,1
1892,1891000,44730,40981,25684,1
1893,1892000,41176,41260,26341,1
1894,1893000,37581,41435,27617,1
1895,1894000,34215,41501,29376,1
1896,1895000,31392,41443,31492,1
1897,1896000,29386,41265,33767,1
1898,1897000,28322,40998,35958,1
1899,1898000,28321,40653,37923,1
1900,1899000,29444,40262,39431,1
1901,1900000,31455,39873,40373,1
1902,1901000,34259,39503,40702,1
1903,1902000,37569,39204,40308,1
1904,1903000,41067,38992,39306,1
1905,1904000,44436,38883,37796,1
1906,1905000,47398,38892,35871,1
1907,1906000,49654,39017,33734,1
1908,1907000,51055,39239,31587,1
1909,1908000,51521,39541,29571,1
1910,1909000,50862,39901,27942,1
1911,1910000,49327,40277,26776,1
1912,1911000,46963,40644,26183,1
1913,1912000,43964,40964,26261,1
1914,1913000,40668,41208,26957,1
1915,1914000,37328,41362,28194,1
1916,1915000,34228,41408,29896,1
1917,1916000,31714,41333,31912,1
1918,1917000,29922,41163,34011,1
1919,1918000,29025,40899,36079,1
1920,1919000,29236,40565,37845,1
1921,1920000,30341,40202,39205,1
1922,1921000,32339,39832,40045,1
1923,1922000,35038,39498,40238,1
1924,1923000,38164,39228,39799,1
1925,1924000,41430,39036,38824,1
1926,1925000,44591,38947,37330,1
1927,1926000,47282,38975,35472,1
1928,1927000,49357,39099,33457,1
1929,1928000,50633,39320,31392,1
1930,1929000,50857,39619,29549,1
1931,1930000,50184,39960,28035,1
1932,1931000,48615,40322,26973,1
1933,1932000,46252,40666,26509,1
1934,1933000,43359,40959,26671,1
1935,1934000,40186,41187,27382,1
1936,1935000,36965,41321,28656,1
1937,1936000,34093,41340,30368,1
1938,1937000,31731,41261,32307,1
1939,1938000,30101,41077,34382,1
1940,1939000,29488,40806,36310,1
1941,1940000,29793,40482,37960,1
1942,1941000,31017,40126,39212,1
1943,1942000,33104,39774,39891,1
1944,1943000,35808,39464,39947,1
1945,1944000,38874,39209,39454,1
1946,1945000,42094,39042,38372,1
1947,1946000,45064,38986,36813,1
1948,1947000,47609,39026,34975,1
1949,1948000,49513,39172,32942,1
1950,1949000,50460,39410,30986,1
1951,1950000,50504,39712,29243,1
1952,1951000,49643,40056,27834,1
1953,1952000,47858,40409,26952,1
1954,1953000,45377,40734,26678,1
1955,1954000,42434,41013,26952,1
1956,1955000,39215,41214,27844,1
1957,1956000,36146,41305,29264,1
1958,1957000,33416,41301,31017,1
1959,1958000,31260,41187,33028,1
1960,1959000,30032,40972,35022,1
1961,1960000,29708,40688,36846,1
1962,1961000,30301,40352,38381,1
1963,1962000,31861,39997,39409,1
1964,1963000,34172,39665,39840,1
1965,1964000,36999,39370,39726,1
1966,1965000,40174,39148,38982,1
1967,1966000,43264,39031,37694,1
1968,1967000,46087,39008,36039,1
1969,1968000,48401,39094,34089,1
1970,1969000,49847,39282,32107,1
1971,1970000,50416,39546,30245,1
1972,1971000,50087,39868,28622,1
1973,1972000,48766,40218,27465,1
1974,1973000,46646,40556,26883,1
1975,1974000,43943,40864,26843,1
1976,1975000,40812,41107,27442,1
1977,1976000,37692,41247,28618,1
1978,1977000,34778,41294,30195,1
1979,1978000,32321,41231,32107,1
1980,1979000,30707,41061,34093,1
1981,1980000,29963,40810,35987,1
1982,1981000,30122,40497,37667,1
1983,1982000,31289,40150,38902,1
1984,1983000,33278,39811,39571,1
1985,1984000,35875,39499,39705,1
1986,1985000,38933,39247,39202,1
1987,1986000,42015,39094,38123,1
1988,1987000,44936,39032,36629,1
1989,1988000,47442,39078,34787,1
1990,1989000,49159,39229,32841,1
1991,1990000,50037,39463,30957,1
1992,1991000,50037,39763,29252,1
1993,1992000,49034,40102,27959,1
1994,1993000,47189,40438,27211,1
1995,1994000,44706,40754,26988,1
1996,1995000,41716,41014,27401,1
1997,1996000,38659,41177,28402,1
1998,1997000,35726,41252,29834,1
1999,1998000,33179,41218,31634,1
2000,1999000,31403,41078,33555,1
