1,0,38501,37717,41733,0
2,1000,38370,37870,41623,0
3,2000,38026,38032,41548,0
4,3000,37505,38186,41515,0
5,4000,36858,38318,41528,0
6,5000,36150,38415,41584,0
7,6000,35453,38467,41678,0
8,7000,34833,38470,41801,0
9,8000,34352,38423,41940,0
10,9000,34053,38331,42082,0
11,10000,33965,38204,42213,0
12,11000,34097,38054,42320,0
13,12000,34433,37895,42395,0
14,13000,34943,37743,42428,0
15,14000,35578,37611,42417,0
16,15000,36279,37513,42364,0
17,16000,36977,37459,42271,0
18,17000,37604,37453,42150,0
19,18000,38096,37498,42010,0
20,19000,38407,37589,41867,0
21,20000,38501,37717,41733,0
22,21000,38372,37869,41623,0
23,22000,38028,38031,41548,0
24,23000,37508,38186,41515,0
25,24000,36860,38318,41527,0
26,25000,36153,38415,41584,0
27,26000,35455,38467,41678,0
28,27000,34835,38470,41800,0
29,28000,34353,38423,41940,0
30,29000,34054,38332,42081,0
31,30000,33965,38205,42212,0
32,31000,34095,38055,42320,0
33,32000,34431,37896,42394,0
34,33000,34940,37743,42428,0
35,34000,35576,37611,42418,0
36,35000,36276,37513,42364,0
37,36000,36975,37459,42272,0
38,37000,37602,37453,42150,0
39,38000,38096,37498,42011,0
40,39000,38407,37588,41867,0
41,40000,38501,37716,41734,0
42,41000,38374,37869,41623,0
43,42000,38030,38030,41548,0
44,43000,37510,38185,41515,0
45,44000,36863,38318,41527,0
46,45000,36156,38415,41583,0
47,46000,35457,38467,41677,0
48,47000,34837,38470,41800,0
49,48000,34354,38423,41939,0
50,49000,34054,38332,42081,0
51,50000,33965,38205,42212,0
52,51000,34093,38055,42320,0
53,52000,34429,37896,42394,0
54,53000,34938,37744,42428,0
55,54000,35574,37612,42418,0
56,55000,36274,37513,42364,0
57,56000,36973,37458,42272,0
58,57000,37601,37453,42151,0
59,58000,38095,37497,42011,0
60,59000,38407,37588,41867,0
61,60000,38502,37716,41734,0
62,61000,38375,37868,41624,0
63,62000,38032,38030,41548,0
64,63000,37513,38185,41515,0
65,64000,36865,38317,41527,0
66,65000,36158,38415,41583,0
67,66000,35460,38467,41677,0
68,67000,34838,38470,41799,0
69,68000,34355,38424,41938,0
70,69000,34054,38333,42080,0
71,70000,33964,38206,42212,0
72,71000,34092,38056,42320,0
73,72000,34427,37897,42394,0
74,73000,34935,37744,42428,0
75,74000,35571,37612,42418,0
76,75000,36272,37513,42365,0
77,76000,36971,37458,42273,0
78,77000,37599,37453,42151,0
79,78000,38094,37497,42012,0
80,79000,38407,37588,41868,0
81,80000,38503,37715,41734,0
82,81000,38377,37868,41624,0
83,82000,38034,38029,41548,0
84,83000,37515,38184,41515,0
85,84000,36868,38317,41527,0
86,85000,36161,38414,41582,0
87,86000,35462,38467,41676,0
88,87000,34840,38470,41799,0
89,88000,34356,38424,41938,0
90,89000,34054,38333,42080,0
91,90000,33963,38207,42211,0
92,91000,34090,38057,42320,0
93,92000,34425,37897,42394,0
94,93000,34933,37744,42428,0
95,94000,35569,37612,42418,0
96,95000,36269,37514,42365,0
97,96000,36969,37458,42273,0
98,97000,37598,37452,42152,0
99,98000,38093,37497,42012,0
100,99000,38407,37587,41868,0
101,100000,38503,37715,41735,0
102,101000,38378,37867,41624,0
103,102000,38036,38029,41548,0
104,103000,37518,38184,41515,0
105,104000,36870,38317,41527,0
106,105000,36163,38414,41582,0
107,106000,35464,38467,41676,0
108,107000,34842,38471,41798,0
109,108000,34356,38424,41937,0
110,109000,34054,38334,42080,0
111,110000,33963,38207,42211,0
112,111000,34089,38057,42319,0
113,112000,34423,37898,42394,0
114,113000,34931,37745,42429,0
115,114000,35566,37612,42419,0
116,115000,36267,37514,42365,0
117,116000,36967,37458,42274,0
118,117000,37596,37452,42152,0
119,118000,38092,37496,42013,0
120,119000,38406,37587,41869,0
121,120000,38504,37714,41735,0
122,121000,38379,37866,41624,0
123,122000,38038,38028,41549,0
124,123000,37520,38183,41515,0
125,124000,36873,38316,41526,0
126,125000,36166,38414,41582,0
127,126000,35466,38467,41675,0
128,127000,34843,38471,41798,0
129,128000,34357,38425,41937,0
130,129000,34054,38334,42079,0
131,130000,33962,38208,42211,0
132,131000,34088,38058,42319,0
133,132000,34421,37898,42394,0
134,133000,34928,37745,42429,0
135,134000,35564,37613,42419,0
136,135000,36265,37514,42366,0
137,136000,36965,37458,42274,0
138,137000,37595,37452,42153,0
139,138000,38092,37496,42013,0
140,139000,38406,37586,41869,0
141,140000,38505,37714,41735,0
142,141000,38381,37866,41624,0
143,142000,38040,38028,41549,0
144,143000,37522,38183,41515,0
145,144000,36875,38316,41526,0
146,145000,36168,38414,41581,0
147,146000,35468,38467,41675,0
148,147000,34845,38471,41797,0
149,148000,34358,38425,41936,0
150,149000,34054,38335,42079,0
151,150000,33961,38208,42210,0
152,151000,34086,38058,42319,0
153,152000,34419,37899,42394,0
154,153000,34926,37746,42429,0
155,154000,35561,37613,42419,0
156,155000,36262,37514,42366,0
157,156000,36963,37458,42275,0
158,157000,37593,37452,42153,0
159,158000,38091,37496,42014,0
160,159000,38406,37586,41870,0
161,160000,38505,37713,41736,0
162,161000,38382,37865,41625,0
163,162000,38041,38027,41549,0
164,163000,37524,38183,41514,0
165,164000,36878,38316,41526,0
166,165000,36170,38414,41581,0
167,166000,35470,38467,41675,0
168,167000,34846,38471,41797,0
169,168000,34359,38425,41936,0
170,169000,34055,38335,42078,0
171,170000,33961,38209,42210,0
172,171000,34085,38059,42319,0
173,172000,34417,37899,42394,0
174,173000,34924,37746,42429,0
175,174000,35559,37613,42419,0
176,175000,36260,37514,42366,0
177,176000,36961,37458,42275,0
178,177000,37592,37452,42154,0
179,178000,38090,37495,42014,0
180,179000,38406,37585,41870,0
181,180000,38506,37713,41736,0
182,181000,38383,37865,41625,0
183,182000,38043,38027,41549,0
184,183000,37526,38182,41514,0
185,184000,36880,38316,41526,0
186,185000,36173,38414,41581,0
187,186000,35472,38467,41674,0
188,187000,34848,38471,41796,0
189,188000,34360,38426,41936,0
190,189000,34055,38335,42078,0
191,190000,33960,38209,42210,0
192,191000,34084,38059,42319,0
193,192000,34416,37900,42394,0
194,193000,34922,37746,42429,0
195,194000,35557,37613,42419,0
196,195000,36258,37514,42367,0
197,196000,36959,37458,42275,0
198,197000,37590,37451,42154,0
199,198000,38089,37495,42014,0
200,199000,38406,37585,41870,0
201,200000,38506,37712,41736,0
202,201000,38384,37864,41625,0
203,202000,38045,38026,41549,0
204,203000,37528,38182,41514,0
205,204000,36882,38315,41525,0
206,205000,36175,38414,41580,0
207,206000,35474,38467,41674,0
208,207000,34849,38472,41796,0
209,208000,34361,38426,41935,0
210,209000,34055,38336,42077,0
211,210000,33960,38210,42209,0
212,211000,34083,38060,42318,0
213,212000,34414,37900,42394,0
214,213000,34920,37747,42429,0
215,214000,35555,37614,42420,0
216,215000,36256,37514,42367,0
217,216000,36957,37458,42276,0
218,217000,37589,37451,42154,0
219,218000,38088,37495,42015,0
220,219000,38406,37584,41871,0
221,220000,38507,37712,41737,0
222,221000,38385,37864,41625,0
223,222000,38047,38026,41549,0
224,223000,37530,38181,41514,0
225,224000,36884,38315,41525,0
226,225000,36177,38413,41580,0
227,226000,35476,38467,41673,0
228,227000,34851,38472,41796,0
229,228000,34362,38426,41935,0
230,229000,34055,38336,42077,0
231,230000,33959,38210,42209,0
232,231000,34082,38060,42318,0
233,232000,34412,37901,42394,0
234,233000,34918,37747,42429,0
235,234000,35553,37614,42420,0
236,235000,36254,37514,42367,0
237,236000,36955,37458,42276,0
238,237000,37588,37451,42155,0
239,238000,38088,37494,42015,0
240,239000,38406,37584,41871,0
241,240000,38508,37711,41737,0
242,241000,38386,37863,41626,0
243,242000,38048,38025,41549,0
244,243000,37532,38181,41514,0
245,244000,36887,38315,41525,0
246,245000,36179,38413,41580,0
247,246000,35478,38467,41673,0
248,247000,34852,38472,41795,0
249,248000,34363,38427,41934,0
250,249000,34055,38337,42077,0
251,250000,33959,38211,42209,0
252,251000,34081,38061,42318,0
253,252000,34411,37901,42394,0
254,253000,34916,37748,42429,0
255,254000,35551,37614,42420,0
256,255000,36252,37515,42368,0
257,256000,36954,37458,42276,0
258,257000,37586,37451,42155,0
259,258000,38087,37494,42016,0
260,259000,38405,37584,41872,0
261,260000,38509,37711,41737,0
262,261000,38387,37863,41626,0
263,262000,38050,38025,41549,0
264,263000,37534,38181,41514,0
265,264000,36889,38314,41525,0
266,265000,36181,38413,41580,0
267,266000,35480,38467,41673,0
268,267000,34854,38472,41795,0
269,268000,34364,38427,41934,0
270,269000,34056,38337,42076,0
271,270000,33959,38211,42208,0
272,271000,34080,38061,42318,0
273,272000,34410,37902,42394,0
274,273000,34914,37748,42429,0
275,274000,35549,37615,42420,0
276,275000,36250,37515,42368,0
277,276000,36952,37458,42277,0
278,277000,37585,37451,42156,0
279,278000,38086,37494,42016,0
280,279000,38405,37583,41872,0
281,280000,38509,37710,41737,0
282,281000,38388,37862,41626,0
283,282000,38051,38025,41549,0
284,283000,37536,38180,41514,0
285,284000,36891,38314,41525,0
286,285000,36183,38413,41579,0
287,286000,35481,38467,41672,0
288,287000,34855,38472,41794,0
289,288000,34364,38427,41933,0
290,289000,34056,38337,42076,0
291,290000,33957,38212,42208,0
292,291000,34079,38062,42317,0
293,292000,34408,37902,42394,0
294,293000,34913,37748,42429,0
295,294000,35547,37615,42420,0
296,295000,36248,37515,42368,0
297,296000,36950,37458,42277,0
298,297000,37584,37451,42156,0
299,298000,38085,37494,42016,0
300,299000,38405,37583,41872,0
301,300000,38509,37710,41738,0
302,301000,38388,37862,41626,0
303,302000,38053,38024,41549,0
304,303000,37537,38180,41514,0
305,304000,36893,38314,41525,0
306,305000,36185,38413,41579,0
307,306000,35483,38467,41672,0
308,307000,34857,38472,41794,0
309,308000,34365,38427,41933,0
310,309000,34056,38338,42075,0
311,310000,33957,38212,42208,0
312,311000,34078,38062,42317,0
313,312000,34406,37903,42393,0
314,313000,34911,37749,42429,0
315,314000,35545,37615,42420,0
316,315000,36246,37515,42368,0
317,316000,36948,37458,42277,0
318,317000,37582,37451,42156,0
319,318000,38084,37493,42017,0
320,319000,38404,37583,41873,0
321,320000,38509,37710,41738,0
322,321000,38389,37862,41627,0
323,322000,38054,38024,41550,0
324,323000,37539,38179,41514,0
325,324000,36895,38313,41525,0
326,325000,36187,38412,41579,0
327,326000,35485,38467,41672,0
328,327000,34858,38472,41794,0
329,328000,34366,38428,41933,0
330,329000,34057,38338,42075,0
331,330000,33957,38212,42207,0
332,331000,34077,38063,42317,0
333,332000,34405,37903,42393,0
334,333000,34910,37749,42429,0
335,334000,35543,37615,42421,0
336,335000,36245,37515,42369,0
337,336000,36947,37458,42278,0
338,337000,37581,37451,42157,0
339,338000,38083,37493,42017,0
340,339000,38404,37582,41873,0
341,340000,38510,37709,41738,0
342,341000,38390,37861,41627,0
343,342000,38055,38023,41550,0
344,343000,37541,38179,41514,0
345,344000,36897,38313,41525,0
346,345000,36189,38412,41579,0
347,346000,35487,38467,41671,0
348,347000,34860,38472,41793,0
349,348000,34367,38428,41932,0
350,349000,34057,38338,42075,0
351,350000,33957,38213,42207,0
352,351000,34077,38063,42317,0
353,352000,34404,37903,42393,0
354,353000,34908,37749,42429,0
355,354000,35541,37616,42421,0
356,355000,36243,37515,42369,0
357,356000,36945,37458,42278,0
358,357000,37579,37451,42157,0
359,358000,38082,37493,42018,0
360,359000,38403,37582,41873,0
361,360000,38510,37709,41739,0
362,361000,38391,37861,41627,0
363,362000,38056,38023,41550,0
364,363000,37542,38179,41514,0
365,364000,36898,38313,41524,0
366,365000,36191,38412,41578,0
367,366000,35489,38467,41671,0
368,367000,34861,38472,41793,0
369,368000,34368,38428,41932,0
370,369000,34058,38339,42074,0
371,370000,33957,38213,42207,0
372,371000,34076,38063,42316,0
373,372000,34403,37904,42393,0
374,373000,34907,37750,42429,0
375,374000,35539,37616,42421,0
376,375000,36241,37516,42369,0
377,376000,36943,37458,42278,0
378,377000,37578,37451,42157,0
379,378000,38081,37493,42018,0
380,379000,38403,37582,41874,0
381,380000,38510,37709,41739,0
382,381000,38391,37860,41627,0
383,382000,38057,38022,41550,0
384,383000,37544,38178,41514,0
385,384000,36900,38312,41524,0
386,385000,36192,38412,41578,0
387,386000,35490,38467,41671,0
388,387000,34863,38472,41793,0
389,388000,34369,38428,41931,0
390,389000,34058,38339,42074,0
391,390000,33957,38214,42206,0
392,391000,34076,38064,42316,0
393,392000,34402,37904,42393,0
394,393000,34905,37750,42429,0
395,394000,35538,37616,42421,0
396,395000,36239,37516,42369,0
397,396000,36942,37459,42279,0
398,397000,37577,37450,42158,0
399,398000,38080,37493,42018,0
400,399000,38403,37582,41874,0
401,400000,38510,37708,41739,0
402,401000,38391,37860,41628,0
403,402000,38059,38022,41550,0
404,403000,37545,38178,41515,0
405,404000,36902,38312,41524,0
406,405000,36194,38412,41578,0
407,406000,35492,38467,41671,0
408,407000,34864,38472,41792,0
409,408000,34371,38428,41931,0
410,409000,34059,38339,42074,0
411,410000,33957,38214,42206,0
412,411000,34075,38064,42316,0
413,412000,34401,37905,42393,0
414,413000,34904,37750,42429,0
415,414000,35536,37617,42421,0
416,415000,36238,37516,42369,0
417,416000,36940,37459,42279,0
418,417000,37575,37450,42158,0
419,418000,38079,37493,42019,0
420,419000,38402,37581,41874,0
421,420000,38510,37708,41740,0
422,421000,38392,37860,41628,0
423,422000,38060,38022,41550,0
424,423000,37546,38177,41515,0
425,424000,36904,38312,41524,0
426,425000,36196,38412,41578,0
427,426000,35494,38467,41670,0
428,427000,34865,38473,41792,0
429,428000,34372,38429,41931,0
430,429000,34059,38339,42073,0
431,430000,33957,38214,42206,0
432,431000,34075,38064,42316,0
433,432000,34400,37905,42393,0
434,433000,34903,37751,42429,0
435,434000,35535,37617,42421,0
436,435000,36236,37516,42369,0
437,436000,36939,37459,42279,0
438,437000,37574,37450,42158,0
439,438000,38078,37492,42019,0
440,439000,38401,37581,41875,0
441,440000,38510,37707,41740,0
442,441000,38392,37859,41628,0
443,442000,38061,38021,41550,0
444,443000,37548,38177,41515,0
445,444000,36905,38312,41524,0
446,445000,36198,38411,41578,0
447,446000,35496,38467,41670,0
448,447000,34867,38473,41792,0
449,448000,34373,38429,41930,0
450,449000,34060,38340,42073,0
451,450000,33957,38215,42205,0
452,451000,34074,38065,42316,0
453,452000,34399,37905,42392,0
454,453000,34901,37751,42429,0
455,454000,35533,37617,42421,0
456,455000,36234,37516,42370,0
457,456000,36937,37459,42279,0
458,457000,37572,37450,42159,0
459,458000,38077,37492,42019,0
460,459000,38401,37581,41875,0
461,460000,38510,37707,41740,0
462,461000,38393,37859,41628,0
463,462000,38062,38021,41551,0
464,463000,37549,38177,41515,0
465,464000,36907,38311,41524,0
466,465000,36199,38411,41578,0
467,466000,35497,38467,41670,0
468,467000,34868,38473,41791,0
469,468000,34374,38429,41930,0
470,469000,34061,38340,42073,0
471,470000,33957,38215,42205,0
472,471000,34074,38065,42315,0
473,472000,34398,37906,42392,0
474,473000,34900,37752,42429,0
475,474000,35532,37617,42421,0
476,475000,36233,37516,42370,0
477,476000,36935,37459,42280,0
478,477000,37571,37450,42159,0
479,478000,38076,37492,42020,0
480,479000,38400,37581,41875,0
481,480000,38510,37707,41740,0
482,481000,38393,37859,41629,0
483,482000,38062,38020,41551,0
484,483000,37550,38176,41515,0
485,484000,36909,38311,41524,0
486,485000,36201,38411,41577,0
487,486000,35499,38466,41670,0
488,487000,34870,38473,41791,0
489,488000,34375,38429,41930,0
490,489000,34061,38340,42072,0
491,490000,33957,38215,42205,0
492,491000,34074,38065,42315,0
493,492000,34397,37906,42392,0
494,493000,34899,37752,42429,0
495,494000,35530,37618,42421,0
496,495000,36231,37517,42370,0
497,496000,36934,37459,42280,0
498,497000,37570,37450,42159,0
499,498000,38075,37492,42020,0
500,499000,38399,37580,41876,0
501,500000,38510,37706,41741,0
502,501000,38393,37858,41629,0
503,502000,38063,38020,41551,0
504,503000,37551,38176,41515,0
505,504000,36910,38311,41524,0
506,505000,36203,38411,41577,0
507,506000,35501,38466,41669,0
508,507000,34871,38473,41791,0
509,508000,34376,38429,41929,0
510,509000,34062,38340,42072,0
511,510000,33958,38215,42205,0
512,511000,34073,38066,42315,0
513,512000,34397,37906,42392,0
514,513000,34898,37752,42429,0
515,514000,35529,37618,42421,0
516,515000,36230,37517,42370,0
517,516000,36932,37459,42280,0
518,517000,37568,37450,42159,0
519,518000,38074,37492,42020,0
520,519000,38399,37580,41876,0
521,520000,38510,37706,41741,0
522,521000,38394,37858,41629,0
523,522000,38064,38020,41551,0
524,523000,37553,38176,41515,0
525,524000,36912,38310,41524,0
526,525000,36204,38410,41577,0
527,526000,35502,38466,41669,0
528,527000,34873,38472,41790,0
529,528000,34377,38429,41929,0
530,529000,34063,38341,42072,0
531,530000,33958,38216,42204,0
532,531000,34073,38066,42315,0
533,532000,34396,37907,42392,0
534,533000,34897,37753,42429,0
535,534000,35527,37618,42421,0
536,535000,36228,37517,42370,0
537,536000,36931,37459,42280,0
538,537000,37567,37450,42160,0
539,538000,38073,37492,42021,0
540,539000,38398,37580,41876,0
541,540000,38509,37706,41741,0
542,541000,38394,37858,41629,0
543,542000,38065,38019,41551,0
544,543000,37554,38175,41515,0
545,544000,36913,38310,41524,0
546,545000,36206,38410,41577,0
547,546000,35504,38466,41669,0
548,547000,34874,38472,41790,0
549,548000,34379,38429,41929,0
550,549000,34064,38341,42071,0
551,550000,33958,38216,42204,0
552,551000,34073,38066,42314,0
553,552000,34395,37907,42392,0
554,553000,34895,37753,42428,0
555,554000,35526,37619,42421,0
556,555000,36227,37517,42370,0
557,556000,36929,37459,42280,0
558,557000,37566,37450,42160,0
559,558000,38072,37492,42021,0
560,559000,38397,37580,41877,0
561,560000,38509,37706,41742,0
562,561000,38394,37857,41630,0
563,562000,38065,38019,41551,0
564,563000,37555,38175,41515,0
565,564000,36914,38310,41524,0
566,565000,36208,38410,41577,0
567,566000,35505,38466,41669,0
568,567000,34876,38472,41790,0
569,568000,34380,38429,41928,0
570,569000,34064,38341,42071,0
571,570000,33958,38216,42204,0
572,571000,34073,38067,42314,0
573,572000,34395,37907,42391,0
574,573000,34895,37753,42428,0
575,574000,35525,37619,42421,0
576,575000,36225,37518,42370,0
577,576000,36928,37459,42280,0
578,577000,37564,37450,42160,0
579,578000,38071,37492,42021,0
580,579000,38396,37580,41877,0
581,580000,38508,37705,41742,0
582,581000,38394,37857,41630,0
583,582000,38066,38019,41552,0
584,583000,37556,38175,41515,0
585,584000,36916,38309,41524,0
586,585000,36209,38410,41577,0
587,586000,35507,38466,41669,0
588,587000,34877,38472,41790,0
589,588000,34381,38429,41928,0
590,589000,34065,38341,42071,0
591,590000,33959,38217,42203,0
592,591000,34073,38067,42314,0
593,592000,34394,37908,42391,0
594,593000,34894,37754,42428,0
595,594000,35524,37619,42421,0
596,595000,36224,37518,42370,0
597,596000,36926,37460,42281,0
598,597000,37563,37450,42160,0
599,598000,38070,37492,42021,0
600,599000,38396,37579,41877,0
601,600000,38508,37705,41742,0
602,601000,38394,37857,41630,0
603,602000,38066,38018,41552,0
604,603000,37557,38174,41515,0
605,604000,36917,38309,41524,0
606,605000,36211,38409,41577,0
607,606000,35509,38466,41668,0
608,607000,34879,38472,41789,0
609,608000,34382,38429,41928,0
610,609000,34066,38341,42070,0
611,610000,33959,38217,42203,0
612,611000,34073,38067,42314,0
613,612000,34394,37908,42391,0
614,613000,34893,37754,42428,0
615,614000,35522,37619,42421,0
616,615000,36222,37518,42370,0
617,616000,36925,37460,42281,0
618,617000,37562,37451,42161,0
619,618000,38068,37492,42022,0
620,619000,38395,37579,41877,0
621,620000,38508,37705,41743,0
622,621000,38394,37856,41630,0
623,622000,38067,38018,41552,0
624,623000,37557,38174,41515,0
625,624000,36918,38309,41524,0
626,625000,36212,38409,41577,0
627,626000,35510,38465,41668,0
628,627000,34880,38472,41789,0
629,628000,34383,38429,41928,0
630,629000,34067,38341,42070,0
631,630000,33960,38217,42203,0
632,631000,34073,38068,42313,0
633,632000,34393,37908,42391,0
634,633000,34892,37754,42428,0
635,634000,35521,37620,42421,0
636,635000,36221,37518,42371,0
637,636000,36924,37460,42281,0
638,637000,37560,37451,42161,0
639,638000,38067,37492,42022,0
640,639000,38394,37579,41878,0
641,640000,38507,37705,41743,0
642,641000,38394,37856,41631,0
643,642000,38067,38018,41552,0
644,643000,37558,38174,41516,0
645,644000,36919,38308,41524,0
646,645000,36214,38409,41577,0
647,646000,35512,38465,41668,0
648,647000,34882,38472,41789,0
649,648000,34385,38429,41927,0
650,649000,34068,38342,42070,0
651,650000,33960,38217,42203,0
652,651000,34072,38068,42313,0
653,652000,34393,37909,42391,0
654,653000,34891,37755,42428,0
655,654000,35520,37620,42421,0
656,655000,36220,37518,42371,0
657,656000,36922,37460,42281,0
658,657000,37559,37451,42161,0
659,658000,38066,37492,42022,0
660,659000,38393,37579,41878,0
661,660000,38507,37705,41743,0
662,661000,38394,37856,41631,0
663,662000,38068,38017,41552,0
664,663000,37559,38173,41516,0
665,664000,36920,38308,41524,0
666,665000,36215,38409,41577,0
667,666000,35513,38465,41668,0
668,667000,34883,38472,41789,0
669,668000,34386,38429,41927,0
670,669000,34068,38342,42069,0
671,670000,33960,38217,42202,0
672,671000,34072,38068,42313,0
673,672000,34392,37909,42390,0
674,673000,34890,37755,42428,0
675,674000,35519,37620,42421,0
676,675000,36219,37519,42371,0
677,676000,36921,37460,42281,0
678,677000,37558,37451,42161,0
679,678000,38065,37492,42022,0
680,679000,38393,37579,41878,0
681,680000,38506,37704,41743,0
682,681000,38394,37856,41631,0
683,682000,38068,38017,41553,0
684,683000,37560,38173,41516,0
685,684000,36921,38308,41524,0
686,685000,36216,38408,41577,0
687,686000,35514,38465,41668,0
688,687000,34884,38472,41789,0
689,688000,34387,38430,41927,0
690,689000,34069,38342,42069,0
691,690000,33961,38218,42202,0
692,691000,34072,38069,42313,0
693,692000,34392,37909,42390,0
694,693000,34890,37755,42428,0
695,694000,35518,37621,42421,0
696,695000,36218,37519,42371,0
697,696000,36920,37460,42281,0
698,697000,37557,37451,42161,0
699,698000,38064,37492,42023,0
700,699000,38392,37579,41879,0
701,700000,38506,37704,41744,0
702,701000,38394,37855,41631,0
703,702000,38068,38017,41553,0
704,703000,37561,38173,41516,0
705,704000,36922,38308,41524,0
706,705000,36217,38408,41577,0
707,706000,35516,38465,41668,0
708,707000,34885,38472,41788,0
709,708000,34388,38430,41927,0
710,709000,34070,38342,42069,0
711,710000,33961,38218,42202,0
712,711000,34072,38069,42312,0
713,712000,34391,37910,42390,0
714,713000,34889,37755,42428,0
715,714000,35517,37621,42421,0
716,715000,36216,37519,42371,0
717,716000,36919,37461,42281,0
718,717000,37555,37451,42162,0
719,718000,38063,37492,42023,0
720,719000,38391,37579,41879,0
721,720000,38505,37704,41744,0
722,721000,38394,37855,41632,0
723,722000,38069,38016,41553,0
724,723000,37561,38172,41516,0
725,724000,36924,38307,41524,0
726,725000,36219,38408,41577,0
727,726000,35517,38465,41668,0
728,727000,34887,38472,41788,0
729,728000,34389,38430,41926,0
730,729000,34071,38342,42069,0
731,730000,33962,38218,42202,0
732,731000,34072,38069,42312,0
733,732000,34391,37910,42390,0
734,733000,34888,37756,42427,0
735,734000,35516,37621,42421,0
736,735000,36215,37519,42371,0
737,736000,36918,37461,42281,0
738,737000,37554,37451,42162,0
739,738000,38062,37492,42023,0
740,739000,38390,37579,41879,0
741,740000,38505,37704,41744,0
742,741000,38394,37855,41632,0
743,742000,38069,38016,41553,0
744,743000,37562,38172,41516,0
745,744000,36924,38307,41524,0
746,745000,36220,38408,41577,0
747,746000,35518,38464,41667,0
748,747000,34888,38472,41788,0
749,748000,34390,38430,41926,0
750,749000,34071,38342,42068,0
751,750000,33962,38218,42201,0
752,751000,34072,38069,42312,0
753,752000,34391,37910,42390,0
754,753000,34888,37756,42427,0
755,754000,35515,37621,42421,0
756,755000,36214,37520,42371,0
757,756000,36916,37461,42282,0
758,757000,37553,37451,42162,0
759,758000,38061,37492,42023,0
760,759000,38390,37579,41879,0
761,760000,38505,37704,41744,0
762,761000,38394,37855,41632,0
763,762000,38069,38016,41553,0
764,763000,37563,38172,41516,0
765,764000,36925,38307,41524,0
766,765000,36221,38408,41576,0
767,766000,35519,38464,41667,0
768,767000,34889,38472,41788,0
769,768000,34391,38430,41926,0
770,769000,34072,38342,42068,0
771,770000,33962,38218,42201,0
772,771000,34072,38069,42312,0
773,772000,34390,37910,42390,0
774,773000,34887,37756,42427,0
775,774000,35515,37622,42421,0
776,775000,36213,37520,42371,0
777,776000,36915,37461,42282,0
778,777000,37552,37451,42162,0
779,778000,38061,37492,42023,0
780,779000,38389,37578,41879,0
781,780000,38504,37704,41744,0
782,781000,38394,37854,41632,0
783,782000,38070,38016,41553,0
784,783000,37563,38172,41516,0
785,784000,36926,38307,41524,0
786,785000,36222,38407,41576,0
787,786000,35521,38464,41667,0
788,787000,34890,38472,41788,0
789,788000,34392,38430,41926,0
790,789000,34073,38342,42068,0
791,790000,33963,38218,42201,0
792,791000,34072,38070,42312,0
793,792000,34390,37911,42390,0
794,793000,34886,37756,42427,0
795,794000,35514,37622,42421,0
796,795000,36212,37520,42371,0
797,796000,36914,37461,42282,0
798,797000,37551,37451,42162,0
799,798000,38060,37492,42024,0
800,799000,38388,37578,41880,0
801,800000,38504,37703,41745,0
802,801000,38394,37854,41632,0
803,802000,38070,38015,41554,0
804,803000,37564,38171,41516,0
805,804000,36927,38306,41524,0
806,805000,36223,38407,41576,0
807,806000,35522,38464,41667,0
808,807000,34891,38472,41787,0
809,808000,34393,38430,41925,0
810,809000,34073,38342,42068,0
811,810000,33963,38219,42201,0
812,811000,34072,38070,42311,0
813,812000,34390,37911,42389,0
814,813000,34886,37757,42427,0
815,814000,35513,37622,42421,0
816,815000,36211,37520,42371,0
817,816000,36913,37461,42282,0
818,817000,37550,37451,42162,0
819,818000,38059,37492,42024,0
820,819000,38388,37578,41880,0
821,820000,38503,37703,41745,0
822,821000,38394,37854,41633,0
823,822000,38070,38015,41554,0
824,823000,37564,38171,41517,0
825,824000,36928,38306,41524,0
826,825000,36224,38407,41576,0
827,826000,35523,38464,41667,0
828,827000,34892,38472,41787,0
829,828000,34394,38430,41925,0
830,829000,34074,38343,42068,0
831,830000,33964,38219,42200,0
832,831000,34072,38070,42311,0
833,832000,34390,37911,42389,0
834,833000,34885,37757,42427,0
835,834000,35512,37622,42421,0
836,835000,36210,37520,42371,0
837,836000,36912,37461,42282,0
838,837000,37549,37451,42162,0
839,838000,38058,37492,42024,0
840,839000,38387,37578,41880,0
841,840000,38503,37703,41745,0
842,841000,38393,37854,41633,0
843,842000,38070,38015,41554,0
844,843000,37565,38171,41517,0
845,844000,36929,38306,41524,0
846,845000,36225,38407,41576,0
847,846000,35524,38464,41667,0
848,847000,34894,38472,41787,0
849,848000,34394,38430,41925,0
850,849000,34075,38343,42067,0
851,850000,33964,38219,42200,0
852,851000,34073,38070,42311,0
853,852000,34389,37911,42389,0
854,853000,34885,37757,42427,0
855,854000,35511,37622,42421,0
856,855000,36209,37520,42371,0
857,856000,36911,37461,42282,0
858,857000,37548,37451,42163,0
859,858000,38057,37491,42024,0
860,859000,38386,37578,41880,0
861,860000,38503,37703,41745,0
862,861000,38393,37853,41633,0
863,862000,38071,38015,41554,0
864,863000,37565,38171,41517,0
865,864000,36930,38306,41524,0
866,865000,36226,38407,41576,0
867,866000,35525,38464,41667,0
868,867000,34895,38472,41787,0
869,868000,34395,38430,41925,0
870,869000,34076,38343,42067,0
871,870000,33964,38219,42200,0
872,871000,34073,38071,42311,0
873,872000,34389,37912,42389,0
874,873000,34884,37757,42427,0
875,874000,35510,37622,42421,0
876,875000,36209,37521,42371,0
877,876000,36910,37462,42282,0
878,877000,37547,37451,42163,0
879,878000,38056,37491,42024,0
880,879000,38386,37578,41880,0
881,880000,38502,37703,41746,0
882,881000,38393,37853,41633,0
883,882000,38071,38015,41554,0
884,883000,37566,38170,41517,0
885,884000,36931,38306,41524,0
886,885000,36227,38406,41576,0
887,886000,35526,38463,41667,0
888,887000,34896,38471,41787,0
889,888000,34396,38430,41925,0
890,889000,34076,38343,42067,0
891,890000,33965,38219,42200,0
892,891000,34073,38071,42310,0
893,892000,34389,37912,42389,0
894,893000,34884,37758,42427,0
895,894000,35510,37623,42421,0
896,895000,36208,37521,42371,0
897,896000,36909,37462,42282,0
898,897000,37546,37451,42163,0
899,898000,38056,37491,42024,0
900,899000,38385,37578,41881,0
901,900000,38502,37703,41746,0
902,901000,38393,37853,41634,0
903,902000,38071,38014,41554,0
904,903000,37566,38170,41517,0
905,904000,36932,38305,41524,0
906,905000,36228,38406,41576,0
907,906000,35528,38463,41667,0
908,907000,34897,38471,41787,0
909,908000,34397,38430,41925,0
910,909000,34077,38343,42067,0
911,910000,33965,38219,42200,0
912,911000,34073,38071,42310,0
913,912000,34389,37912,42389,0
914,913000,34883,37758,42427,0
915,914000,35509,37623,42421,0
916,915000,36207,37521,42371,0
917,916000,36908,37462,42282,0
918,917000,37545,37451,42163,0
919,918000,38055,37491,42025,0
920,919000,38385,37578,41881,0
921,920000,38502,37703,41746,0
922,921000,38393,37853,41634,0
923,922000,38071,38014,41555,0
924,923000,37567,38170,41517,0
925,924000,36933,38305,41524,0
926,925000,36229,38406,41576,0
927,926000,35529,38463,41666,0
928,927000,34898,38471,41786,0
929,928000,34398,38430,41924,0
930,929000,34078,38343,42067,0
931,930000,33966,38219,42199,0
932,931000,34073,38071,42310,0
933,932000,34388,37912,42388,0
934,933000,34883,37758,42426,0
935,934000,35508,37623,42421,0
936,935000,36206,37521,42371,0
937,936000,36907,37462,42282,0
938,937000,37544,37452,42163,0
939,938000,38054,37491,42025,0
940,939000,38384,37578,41881,0
941,940000,38501,37702,41746,0
942,941000,38393,37853,41634,0
943,942000,38072,38014,41555,0
944,943000,37567,38170,41517,0
945,944000,36933,38305,41524,0
946,945000,36230,38406,41576,0
947,946000,35530,38463,41666,0
948,947000,34899,38471,41786,0
949,948000,34399,38430,41924,0
950,949000,34078,38343,42066,0
951,950000,33966,38219,42199,0
952,951000,34073,38071,42310,0
953,952000,34388,37912,42388,0
954,953000,34882,37758,42426,0
955,954000,35508,37623,42421,0
956,955000,36205,37521,42371,0
957,956000,36907,37462,42282,0
958,957000,37544,37452,42163,0
959,958000,38053,37492,42025,0
960,959000,38383,37578,41881,0
961,960000,38501,37702,41746,0
962,961000,38392,37852,41634,0
963,962000,38072,38014,41555,0
964,963000,37568,38169,41518,0
965,964000,36934,38305,41525,0
966,965000,36231,38405,41576,0
967,966000,35531,38463,41666,0
968,967000,34900,38471,41786,0
969,968000,34400,38430,41924,0
970,969000,34079,38343,42066,0
971,970000,33967,38220,42199,0
972,971000,34073,38071,42310,0
973,972000,34388,37913,42388,0
974,973000,34882,37758,42426,0
975,974000,35507,37624,42421,0
976,975000,36204,37521,42371,0
977,976000,36906,37462,42283,0
978,977000,37543,37452,42163,0
979,978000,38052,37492,42025,0
980,979000,38382,37578,41881,0
981,980000,38500,37702,41747,0
982,981000,38392,37852,41634,0
983,982000,38072,38013,41555,0
984,983000,37568,38169,41518,0
985,984000,36935,38304,41525,0
986,985000,36232,38405,41576,0
987,986000,35532,38463,41666,0
988,987000,34901,38471,41786,0
989,988000,34401,38430,41924,0
990,989000,34080,38343,42066,0
991,990000,33967,38220,42199,0
992,991000,34074,38072,42310,0
993,992000,34388,37913,42388,0
994,993000,34882,37759,42426,0
995,994000,35506,37624,42421,0
996,995000,36204,37522,42371,0
997,996000,36905,37462,42283,0
998,997000,37542,37452,42163,0
999,998000,38051,37492,42025,0
1000,999000,38382,37578,41882,0
1001,1000000,29713,10591,39816,0
1002,1001000,28351,4429,39119,1
1003,1002000,15961,5973,26366,1
1004,1003000,13216,1656,20670,1
1005,1004000,4813,2129,11306,1
1006,1005000,1783,246,9326,1
1007,1006000,295,0,4977,1
1008,1007000,0,6573,0,1
1009,1008000,5678,17209,2568,1
1010,1009000,9348,22092,3988,1
1011,1010000,18013,28871,8776,1
1012,1011000,25067,37495,14300,1
1013,1012000,34447,44164,21980,1
1014,1013000,42487,49300,27753,1
1015,1014000,48852,53411,34192,1
1016,1015000,54214,53055,41286,1
1017,1016000,55754,51371,44554,1
1018,1017000,56257,48927,46993,1
1019,1018000,53007,43522,47764,1
1020,1019000,48151,36911,46139,1
1021,1020000,41144,30108,42161,1
1022,1021000,33163,23227,37672,1
1023,1022000,25214,17369,31610,1
1024,1023000,17260,13101,24544,1
1025,1024000,11191,10634,19042,1
1026,1025000,6612,10258,13969,1
1027,1026000,4588,12179,9989,1
1028,1027000,5187,16025,8352,1
1029,1028000,8175,21830,8725,1
1030,1029000,13690,28599,10876,1
1031,1030000,20731,35608,15193,1
1032,1031000,29046,42328,20928,1
1033,1032000,37457,48257,27138,1
1034,1033000,45437,52674,33822,1
1035,1034000,52063,55124,40364,1
1036,1035000,56766,55453,45519,1
1037,1036000,59053,53577,49373,1
1038,1037000,58712,49872,51513,1
1039,1038000,55799,44805,51431,1
1040,1039000,50585,38403,49582,1
1041,1040000,43632,31518,45976,1
1042,1041000,35569,25125,40687,1
1043,1042000,27257,19515,34716,1
1044,1043000,19437,15417,28529,1
1045,1044000,12958,13280,22594,1
1046,1045000,8400,13099,17775,1
1047,1046000,6244,15160,14342,1
1048,1047000,6722,19249,12754,1
1049,1048000,9759,24699,13298,1
1050,1049000,15096,31161,15752,1
1051,1050000,22211,37981,19918,1
1052,1051000,30408,44421,25458,1
1053,1052000,38917,49890,31729,1
1054,1053000,46879,53815,38171,1
1055,1054000,53544,55867,44132,1
1056,1055000,58240,55876,49027,1
1057,1056000,60524,53869,52445,1
1058,1057000,60182,50022,54075,1
1059,1058000,57234,44676,53739,1
1060,1059000,51993,38441,51450,1
1061,1060000,44960,31898,47474,1
1062,1061000,36830,25676,42225,1
1063,1062000,28407,20472,36204,1
1064,1063000,20503,16752,30069,1
1065,1064000,13912,14910,24426,1
1066,1065000,9273,15179,19820,1
1067,1066000,7045,17421,16787,1
1068,1067000,7455,21473,15588,1
1069,1068000,10464,26951,16344,1
1070,1069000,15784,33244,19048,1
1071,1070000,22908,39778,23382,1
1072,1071000,31134,45859,28916,1
1073,1072000,39672,50863,35118,1
1074,1073000,47681,54378,41316,1
1075,1074000,54382,56035,46958,1
1076,1075000,59123,55665,51498,1
1077,1076000,61433,53370,54478,1
1078,1077000,61101,49347,55646,1
1079,1078000,58145,44008,54874,1
1080,1079000,52872,37890,52232,1
1081,1080000,45788,31569,48001,1
1082,1081000,37589,25726,42602,1
1083,1082000,29082,20946,36597,1
1084,1083000,21092,17698,30602,1
1085,1084000,14414,16298,25216,1
1086,1085000,9693,16886,20988,1
1087,1086000,7406,19394,18321,1
1088,1087000,7769,23569,17513,1
1089,1088000,10762,28987,18648,1
1090,1089000,16083,35113,21612,1
1091,1090000,23233,41317,26122,1
1092,1091000,31502,46976,31700,1
1093,1092000,40094,51536,37782,1
1094,1093000,48164,54540,43776,1
1095,1094000,54924,55735,49079,1
1096,1095000,59716,54996,53186,1
1097,1096000,62063,52413,55714,1
1098,1097000,61747,48261,56401,1
1099,1098000,58787,42940,55191,1
1100,1099000,53485,36981,52204,1
1101,1100000,46346,30997,47728,1
1102,1101000,38077,25591,42251,1
1103,1102000,29485,21307,36324,1
1104,1103000,21409,18569,30546,1
1105,1104000,14647,17627,25502,1
1106,1105000,9855,18589,21690,1
1107,1106000,7515,21333,19485,1
1108,1107000,7847,25584,19125,1
1109,1108000,10832,30920,20656,1
1110,1109000,16176,36792,23922,1
1111,1110000,23364,42610,28587,1
1112,1111000,31697,47781,34173,1
1113,1112000,40356,51796,40114,1
1114,1113000,48502,54277,45812,1
1115,1114000,55328,54991,50716,1
1116,1115000,60174,53881,54350,1
1117,1116000,62559,51071,56358,1
1118,1117000,62253,46839,56546,1
1119,1118000,59284,41622,54897,1
1120,1119000,53940,35937,51577,1
1121,1120000,46742,30373,46939,1
1122,1121000,38395,25495,41458,1
1123,1122000,29713,21781,35702,1
1124,1123000,21551,19585,30245,1
1125,1124000,14706,19120,25629,1
1126,1125000,9853,20426,22319,1
1127,1126000,7469,23357,20637,1
1128,1127000,7787,27617,20757,1
1129,1128000,10785,32767,22674,1
1130,1129000,16165,38296,26194,1
1131,1130000,23417,43628,30950,1
1132,1131000,31820,48226,36449,1
1133,1132000,40567,51646,42133,1
1134,1133000,48789,53563,47435,1
1135,1134000,55689,53807,51838,1
1136,1135000,60586,52357,54907,1
1137,1136000,63000,49380,56350,1
1138,1137000,62698,45182,56025,1
1139,1138000,59700,40191,53967,1
1140,1139000,54306,34905,50387,1
1141,1140000,47031,29878,45667,1
1142,1141000,38599,25610,40298,1
1143,1142000,29824,22517,34825,1
1144,1143000,21575,20887,29795,1
1145,1144000,14655,20869,25706,1
1146,1145000,9748,22467,22964,1
1147,1146000,7337,25499,21839,1
1148,1147000,7656,29654,22447,1
1149,1148000,10683,34508,24726,1
1150,1149000,16121,39569,28446,1
1151,1150000,23446,44309,33208,1
1152,1151000,31937,48259,38521,1
1153,1152000,40771,51037,43845,1
1154,1153000,49075,52390,48654,1
1155,1154000,56041,52201,52475,1
1156,1155000,60981,50495,54933,1
1157,1156000,63412,47466,55793,1
1158,1157000,63095,43429,54974,1
1159,1158000,60057,38796,52566,1
1160,1159000,54592,34042,48822,1
1161,1160000,47233,29656,44143,1
1162,1161000,38703,26068,39014,1
1163,1162000,29835,23620,33952,1
1164,1163000,21501,22536,29461,1
1165,1164000,14518,22911,25980,1
1166,1165000,9572,24703,23858,1
1167,1166000,7150,27713,23301,1
1168,1167000,7490,31627,24366,1
1169,1168000,10565,36044,26939,1
1170,1169000,16077,40508,30751,1
1171,1170000,23490,44560,35393,1
1172,1171000,32079,47802,40387,1
1173,1172000,41002,49930,45227,1
1174,1173000,49385,50755,49435,1
1175,1174000,56406,50214,52600,1
1176,1175000,61375,48370,54411,1
1177,1176000,63803,45435,54700,1
1178,1177000,63452,41716,53445,1
1179,1178000,60352,37594,50785,1
1180,1179000,54803,33499,47010,1
1181,1180000,47349,29841,42519,1
1182,1181000,38718,26973,37776,1
1183,1182000,29760,25161,33255,1
1184,1183000,21350,24564,29403,1
1185,1184000,14317,25229,26597,1
1186,1185000,9350,27081,25117,1
1187,1186000,6939,29912,25102,1
1188,1187000,7322,33423,26550,1
1189,1188000,10466,37253,29305,1
1190,1189000,16067,41000,33066,1
1191,1190000,23578,44286,37436,1
1192,1191000,32265,46797,41962,1
1193,1192000,41275,48305,46190,1
1194,1193000,49726,48684,49705,1
1195,1194000,56786,47916,52163,1
1196,1195000,61764,46093,53327,1
1197,1196000,64167,43427,53096,1
1198,1197000,63761,40199,51508,1
1199,1198000,60579,36743,48739,1
1200,1199000,54933,33417,45094,1
1201,1200000,47376,30545,40957,1
1202,1201000,38647,28399,36752,1
1203,1202000,29605,27168,32895,1
1204,1203000,21135,26953,29766,1
1205,1204000,14072,27762,27669,1
1206,1205000,9107,29500,26812,1
1207,1206000,6731,31969,27268,1
1208,1207000,7178,34903,28980,1
1209,1208000,10411,37996,31759,1
1210,1209000,16113,40925,35298,1
1211,1210000,23728,43405,39223,1
1212,1211000,32510,45204,43130,1
1213,1212000,41597,46172,46629,1
1214,1213000,50098,46236,49380,1
1215,1214000,57176,45415,51117,1
1216,1215000,62137,43810,51680,1
1217,1216000,64491,41611,51032,1
1218,1217000,64007,39052,49259,1
1219,1218000,60728,36402,46561,1
1220,1219000,54976,33926,43236,1
1221,1220000,47313,31859,39630,1
1222,1221000,38493,30386,36111,1
1223,1222000,29382,29628,33024,1
1224,1223000,20873,29639,30671,1
1225,1224000,13803,30399,29277,1
1226,1225000,8867,31815,28974,1
1227,1226000,6552,33716,29776,1
1228,1227000,7085,35895,31583,1
1229,1228000,10422,38122,34189,1
1230,1229000,16233,40170,37306,1
1231,1230000,23951,41849,40604,1
1232,1231000,32818,43014,43747,1
1233,1232000,41964,43580,46424,1
1234,1233000,50490,43519,48380,1
1235,1234000,57558,42864,49434,1
1236,1235000,62474,41705,49498,1
1237,1236000,64752,40185,48593,1
1238,1237000,64171,38469,46834,1
1239,1238000,60781,36733,44424,1
1240,1239000,54919,35144,41627,1
1241,1240000,47158,33843,38733,1
1242,1241000,38262,32933,36033,1
1243,1242000,29103,32478,33791,1
1244,1243000,20582,32500,32219,1
1245,1244000,13537,32972,31464,1
1246,1245000,8659,33825,31584,1
1247,1246000,6431,34946,32545,1
1248,1247000,7071,36206,34223,1
1249,1248000,10522,37476,36423,1
1250,1249000,16442,38633,38900,1
1251,1250000,24253,39584,41393,1
1252,1251000,33185,40263,43650,1
1253,1252000,42362,40638,45455,1
1254,1253000,50882,40703,46644,1
1255,1254000,57908,40481,47120,1
1256,1255000,62748,40020,46861,1
1257,1256000,64926,39387,45924,1
1258,1257000,64229,38656,44430,1
1259,1258000,60724,37893,42554,1
1260,1259000,54757,37161,40502,1
1261,1260000,46913,36510,38487,1
1262,1261000,37966,35974,36706,1
1263,1262000,28792,35577,35328,1
1264,1263000,20295,35330,34474,1
1265,1264000,13309,35230,34212,1
1266,1265000,8521,35264,34544,1
1267,1266000,6404,35404,35406,1
1268,1267000,7164,35626,36681,1
1269,1268000,10729,35911,38213,1
1270,1269000,16747,36252,39831,1
1271,1270000,24628,36641,41365,1
1272,1271000,33594,37077,42667,1
1273,1272000,42766,37554,43624,1
1274,1273000,51241,38059,44163,1
1275,1274000,58186,38571,44262,1
1276,1275000,62920,39059,43939,1
1277,1276000,64978,39489,43263,1
1278,1277000,64159,39819,42328,1
1279,1278000,60544,40005,41250,1
1280,1279000,54491,40002,40148,1
1281,1280000,46594,39780,39134,1
1282,1281000,37633,39328,38301,1
1283,1282000,28486,38658,37715,1
1284,1283000,20054,37805,37412,1
1285,1284000,13165,36825,37393,1
1286,1285000,8495,35799,37632,1
1287,1286000,6504,34812,38067,1
1288,1287000,7385,33964,38626,1
1289,1288000,11053,33355,39228,1
1290,1289000,17142,33075,39803,1
1291,1290000,25055,33189,40294,1
1292,1291000,34010,33729,40669,1
1293,1292000,43129,34685,40919,1
1294,1293000,51515,35990,41051,1
1295,1294000,58344,37536,41085,1
1296,1295000,62949,39178,41051,1
1297,1296000,64878,40758,40987,1
1298,1297000,63946,42110,40922,1
1299,1298000,60244,43075,40880,1
1300,1299000,54141,43527,40869,1
1301,1300000,46238,43384,40882,1
1302,1301000,37313,42621,40902,1
1303,1302000,28244,41279,40898,1
1304,1303000,19922,39456,40837,1
1305,1304000,13162,37316,40690,1
1306,1305000,8628,35068,40441,1
1307,1306000,6763,32933,40079,1
1308,1307000,7746,31138,39614,1
1309,1308000,11480,29892,39080,1
1310,1309000,17591,29359,38532,1
1311,1310000,25480,29636,38041,1
1312,1311000,34367,30737,37684,1
1313,1312000,43381,32588,37534,1
1314,1313000,51637,35026,37642,1
1315,1314000,58326,37822,38036,1
1316,1315000,62796,40696,38708,1
1317,1316000,64610,43349,39617,1
1318,1317000,63596,45496,40690,1
1319,1318000,59856,46888,41823,1
1320,1319000,53762,47350,42897,1
1321,1320000,45915,46793,43783,1
1322,1321000,37088,45235,44365,1
1323,1322000,28146,42802,44547,1
1324,1323000,19968,39715,44272,1
1325,1324000,13353,36275,43531,1
1326,1325000,8948,32828,42365,1
1327,1326000,7180,29739,40866,1
1328,1327000,8218,27346,39172,1
1329,1328000,11955,25930,37457,1
1330,1329000,18021,25678,35910,1
1331,1330000,25816,26654,34718,1
1332,1331000,34575,28794,34037,1
1333,1332000,43440,31907,33974,1
1334,1333000,51543,35690,34574,1
1335,1334000,58093,39763,35808,1
1336,1335000,62452,43707,37579,1
1337,1336000,64197,47102,39726,1
1338,1337000,63164,49575,42036,1
1339,1338000,59460,50838,44268,1
1340,1339000,53450,50725,46174,1
1341,1340000,45728,49211,47533,1
1342,1341000,37052,46421,48169,1
1343,1342000,28272,42617,47980,1
1344,1343000,20245,38173,46948,1
1345,1344000,13756,33545,45144,1
1346,1345000,9435,29217,42727,1
1347,1346000,7700,25658,39932,1
1348,1347000,8713,23267,37049,1
1349,1348000,12371,22325,34392,1
1350,1349000,18312,22961,32259,1
1351,1350000,25952,25137,30902,1
1352,1351000,34543,28651,30492,1
1353,1352000,43245,33156,31106,1
1354,1353000,51210,38196,32711,1
1355,1354000,57663,43250,35172,1
1356,1355000,61976,47784,38253,1
1357,1356000,63734,51307,41644,1
1358,1357000,62772,53426,44986,1
1359,1358000,59187,53894,47917,1
1360,1359000,53333,52635,50109,1
1361,1360000,45786,49757,51307,1
1362,1361000,37283,45538,51354,1
1363,1362000,28655,40402,50212,1
1364,1363000,20742,34878,47966,1
1365,1364000,14314,29545,44826,1
1366,1365000,9990,24984,41108,1
1367,1366000,8192,21692,37207,1
1368,1367000,9085,20033,33543,1
1369,1368000,12585,20198,30520,1
1370,1369000,18344,22182,28474,1
1371,1370000,25802,25793,27638,1
1372,1371000,34231,30666,28124,1
1373,1372000,42808,36304,29910,1
1374,1373000,50701,42121,32837,1
1375,1374000,57142,47503,36615,1
1376,1375000,61509,51869,40854,1
1377,1376000,63379,54744,45102,1
1378,1377000,62575,55815,48899,1
1379,1378000,59174,54957,51832,1
1380,1379000,53512,52253,53575,1
1381,1380000,46140,47973,53925,1
1382,1381000,37777,42557,52819,1
1383,1382000,29235,36570,50348,1
1384,1383000,21344,30646,46753,1
1385,1384000,14873,25408,42403,1
1386,1385000,10439,21452,37776,1
1387,1386000,8485,19185,33371,1
1388,1387000,9184,18838,29664,1
1389,1388000,12489,20444,27051,1
1390,1389000,18061,23835,25814,1
1391,1390000,25372,28661,26096,1
1392,1391000,33702,34422,27887,1
1393,1392000,42245,40514,31019,1
1394,1393000,50171,46296,35174,1
1395,1394000,56713,51159,39919,1
1396,1395000,61236,54546,44722,1
1397,1396000,63294,56126,49076,1
1398,1397000,62698,55743,52511,1
1399,1398000,59488,53448,54663,1
1400,1399000,53992,49483,55295,1
1401,1400000,46727,44266,54327,1
1402,1401000,38412,38352,51849,1
1403,1402000,29843,32374,48115,1
1404,1403000,21859,26952,43518,1
1405,1404000,15228,22689,38573,1
1406,1405000,10605,20039,33827,1
1407,1406000,8435,19237,29776,1
1408,1407000,8938,20338,26844,1
1409,1408000,12068,23213,25333,1
1410,1409000,17524,27555,25405,1
1411,1410000,24780,32903,27059,1
1412,1411000,33126,38688,30126,1
1413,1412000,41755,44303,34286,1
1414,1413000,49833,49146,39088,1
1415,1414000,56569,52697,43996,1
1416,1415000,61307,54589,48474,1
1417,1416000,63578,54672,52053,1
1418,1417000,63161,52967,54365,1
1419,1418000,60086,49675,55169,1
1420,1419000,54651,45156,54382,1
1421,1420000,47379,39905,52092,1
1422,1421000,38978,34489,48551,1
1423,1422000,30259,29474,44146,1
1424,1423000,22074,25406,39381,1
1425,1424000,15224,22687,34779,1
1426,1425000,10378,21575,30831,1
1427,1426000,8023,22123,27934,1
1428,1427000,8384,24241,26377,1
1429,1428000,11445,27684,26311,1
1430,1429000,16902,32073,27735,1
1431,1430000,24237,36928,30488,1
1432,1431000,32728,41739,34266,1
1433,1432000,41560,45980,38638,1
1434,1433000,49863,49220,43113,1
1435,1434000,56829,51150,47204,1
1436,1435000,61767,51605,50478,1
1437,1436000,64190,50602,52610,1
1438,1437000,63855,48287,53394,1
1439,1438000,60783,44941,52767,1
1440,1439000,55272,40944,50820,1
1441,1440000,47852,36733,47788,1
1442,1441000,39243,32759,44025,1
1443,1442000,30288,29434,39969,1
1444,1443000,21865,27068,36065,1
1445,1444000,14803,25858,32728,1
1446,1445000,9799,25879,30294,1
1447,1446000,7352,27066,28990,1
1448,1447000,7707,29250,28926,1
1449,1448000,10840,32165,30081,1
1450,1449000,16448,35479,32300,1
1451,1450000,23988,38838,35315,1
1452,1451000,32726,41878,38764,1
1453,1452000,41804,44307,42252,1
1454,1453000,50335,45919,45396,1
1455,1454000,57470,46607,47872,1
1456,1455000,62510,46359,49436,1
1457,1456000,64947,45273,49963,1
1458,1457000,64539,43517,49437,1
1459,1458000,61313,41318,47961,1
1460,1459000,55587,38924,45740,1
1461,1460000,47910,36588,43055,1
1462,1461000,39043,34537,40229,1
1463,1462000,29853,32934,37578,1
1464,1463000,21249,31884,35380,1
1465,1464000,14081,31427,33845,1
1466,1465000,9058,31547,33103,1
1467,1466000,6684,32161,33185,1
1468,1467000,7193,33155,34032,1
1469,1468000,10548,34390,35499,1
1470,1469000,16416,35729,37379,1
1471,1470000,24229,37044,39428,1
1472,1471000,33213,38235,41396,1
1473,1472000,42486,39241,43068,1
1474,1473000,51128,40032,44281,1
1475,1474000,58286,40606,44941,1
1476,1475000,63249,40975,45027,1
1477,1476000,65523,41169,44596,1
1478,1477000,64882,41212,43757,1
1479,1478000,61383,41115,42664,1
1480,1479000,55373,40876,41484,1
1481,1480000,47444,40478,40373,1
1482,1481000,38380,39905,39464,1
1483,1482000,29077,39144,38841,1
1484,1483000,20455,38192,38540,1
1485,1484000,13369,37070,38543,1
1486,1485000,8517,35831,38790,1
1487,1486000,6385,34546,39183,1
1488,1487000,7179,33323,39611,1
1489,1488000,10824,32291,39965,1
1490,1489000,16955,31591,40163,1
1491,1490000,24968,31356,40163,1
1492,1491000,34064,31689,39970,1
1493,1492000,43345,32643,39637,1
1494,1493000,51890,34207,39255,1
1495,1494000,58858,36292,38933,1
1496,1495000,63560,38723,38777,1
1497,1496000,65535,41280,38880,1
1498,1497000,64592,43696,39296,1
1499,1498000,60829,45687,40028,1
1500,1499000,54626,46989,41023,1
1501,1500000,46596,47392,42174,1
1502,1501000,37541,46768,43330,1
1503,1502000,28355,45099,44319,1
1504,1503000,19945,42485,44967,1
1505,1504000,13139,39143,45132,1
1506,1505000,8605,35390,44720,1
1507,1506000,6784,31611,43703,1
1508,1507000,7847,28226,42130,1
1509,1508000,11682,25645,40135,1
1510,1509000,17898,24218,37928,1
1511,1510000,25877,24186,35775,1
1512,1511000,34825,25641,33964,1
1513,1512000,43860,28501,32761,1
1514,1513000,52094,32515,32372,1
1515,1514000,58723,37284,32911,1
1516,1515000,63101,42313,34383,1
1517,1516000,64808,47051,36686,1
1518,1517000,63688,50957,39611,1
1519,1518000,59863,53550,42853,1
1520,1519000,53720,54473,46042,1
1521,1520000,45873,53547,48786,1
1522,1521000,37095,50802,50722,1
1523,1522000,28250,46480,51570,1
1524,1523000,20202,41011,51171,1
1525,1524000,13733,34965,49503,1
1526,1525000,9469,28995,46685,1
1527,1526000,7815,23772,42979,1
1528,1527000,8919,19915,38770,1
1529,1528000,12659,17916,34532,1
1530,1529000,18658,18065,30778,1
1531,1530000,26320,20407,27980,1
1532,1531000,34896,24726,26510,1
1533,1532000,43548,30574,26582,1
1534,1533000,51438,37331,28241,1
1535,1534000,57803,44266,31352,1
1536,1535000,62031,50616,35616,1
1537,1536000,63723,55658,40591,1
1538,1537000,62727,58790,45727,1
1539,1538000,59151,59615,50428,1
1540,1539000,53352,57997,54128,1
1541,1540000,45899,54081,56370,1
1542,1541000,37517,48276,56861,1
1543,1542000,29019,41203,55502,1
1544,1543000,21228,33629,52401,1
1545,1544000,14893,26387,47859,1
1546,1545000,10618,20294,42357,1
1547,1546000,8811,16053,36506,1
1548,1547000,9637,14155,30983,1
1549,1548000,13009,14850,26415,1
1550,1549000,18597,18076,23364,1
1551,1550000,25860,23472,22199,1
1552,1551000,34099,30430,23059,1
1553,1552000,42512,38205,25876,1
1554,1553000,50295,45952,30369,1
1555,1554000,56693,52816,36059,1
1556,1555000,61099,58030,42311,1
1557,1556000,63086,60992,48445,1
1558,1557000,62471,61368,53735,1
1559,1558000,59307,59125,57572,1
1560,1559000,53905,54517,59512,1
1561,1560000,46769,48096,59344,1
1562,1561000,38610,40554,57080,1
1563,1562000,30191,32706,52948,1
1564,1563000,22344,25424,47393,1
1565,1564000,15804,19498,41035,1
1566,1565000,11213,15621,34622,1
1567,1566000,9023,14172,28862,1
1568,1567000,9434,15277,24380,1
1569,1568000,12432,18785,21686,1
1570,1569000,17716,24290,21081,1
1571,1570000,24800,31168,22618,1
1572,1571000,32983,38643,26116,1
1573,1572000,41489,45896,31181,1
1574,1573000,49489,52164,37247,1
1575,1574000,56214,56747,43618,1
1576,1575000,61002,59162,49576,1
1577,1576000,63387,59216,54471,1
1578,1577000,63127,56951,57773,1
1579,1578000,60234,52659,59134,1
1580,1579000,54981,46854,58424,1
1581,1580000,47866,40209,55757,1
1582,1581000,39581,33465,51465,1
1583,1582000,30926,27316,46032,1
1584,1583000,22734,22438,40102,1
1585,1584000,15822,19313,34346,1
1586,1585000,10855,18218,29384,1
1587,1586000,8343,19177,25721,1
1588,1587000,8527,22031,23732,1
1589,1588000,11414,26418,23597,1
1590,1589000,16724,31824,25301,1
1591,1590000,23956,37624,28609,1
1592,1591000,32401,43196,33108,1
1593,1592000,41250,47944,38251,1
1594,1593000,49624,51417,43450,1
1595,1594000,56708,53323,48146,1
1596,1595000,61790,53532,51849,1
1597,1596000,64366,52125,54206,1
1598,1597000,64174,49327,55008,1
1599,1598000,61211,45506,54228,1
1600,1599000,55767,41122,52024,1
1601,1600000,48360,36649,48708,1
1602,1601000,39716,32546,44702,1
1603,1602000,30686,29191,40476,1
1604,1603000,22158,26846,36482,1
1605,1604000,14981,25664,33125,1
1606,1605000,9868,25683,30719,1
1607,1606000,7332,26800,29461,1
1608,1607000,7631,28819,29415,1
1609,1608000,10750,31465,30503,1
1610,1609000,16386,34430,32521,1
1611,1610000,23990,37423,35175,1
1612,1611000,32814,40178,38129,1
1613,1612000,41983,42499,41048,1
1614,1613000,50590,44257,43645,1
1615,1614000,57777,45381,45694,1
1616,1615000,62828,45858,47052,1
1617,1616000,65235,45736,47669,1
1618,1617000,64758,45093,47581,1
1619,1618000,61435,44023,46898,1
1620,1619000,55596,42618,45777,1
1621,1620000,47818,40964,44395,1
1622,1621000,38875,39128,42912,1
1623,1622000,29655,37192,41468,1
1624,1623000,21076,35233,40158,1
1625,1624000,13988,33346,39040,1
1626,1625000,9099,31638,38135,1
1627,1626000,6892,30215,37428,1
1628,1627000,7587,29197,36886,1
1629,1628000,11112,28708,36472,1
1630,1629000,17114,28860,36168,1
1631,1630000,24993,29739,35981,1
1632,1631000,33961,31378,35949,1
1633,1632000,43126,33742,36139,1
1634,1633000,51576,36707,36626,1
1635,1634000,58475,40067,37477,1
1636,1635000,63144,43510,38713,1
1637,1636000,65124,46703,40316,1
1638,1637000,64234,49284,42205,1
1639,1638000,60565,50917,44241,1
1640,1639000,54499,51326,46224,1
1641,1640000,46637,50346,47920,1
1642,1641000,37772,47951,49085,1
1643,1642000,28780,44277,49497,1
1644,1643000,20550,39621,49000,1
1645,1644000,13890,34419,47530,1
1646,1645000,9447,29206,45134,1
1647,1646000,7648,24561,41979,1
1648,1647000,8655,21044,38345,1
1649,1648000,12351,19133,34607,1
1650,1649000,18357,19153,31199,1
1651,1650000,26070,21222,28560,1
1652,1651000,34725,25221,27073,1
1653,1652000,43470,30794,27005,1
1654,1653000,51451,37385,28466,1
1655,1654000,57896,44295,31394,1
1656,1655000,62185,50760,35550,1
1657,1656000,63915,56025,40534,1
1658,1657000,62935,59434,45813,1
1659,1658000,59361,60515,50781,1
1660,1659000,53554,59055,54828,1
1661,1660000,46088,55140,57425,1
1662,1661000,37698,49163,58222,1
1663,1662000,29203,41700,57032,1
1664,1663000,21415,33570,53909,1
1665,1664000,15095,25668,49123,1
1666,1665000,10833,18897,43146,1
1667,1666000,9035,14081,36618,1
1668,1667000,9849,11837,30300,1
1669,1668000,13188,12491,24964,1
1670,1669000,18715,16026,21291,1
1671,1670000,25899,22056,19754,1
1672,1671000,34045,29905,20560,1
1673,1672000,42369,38711,23654,1
1674,1673000,50071,47513,28746,1
1675,1674000,56415,55325,35320,1
1676,1675000,60805,61232,42660,1
1677,1676000,62824,64516,49911,1
1678,1677000,62291,64764,56209,1
1679,1678000,59257,61928,60786,1
1680,1679000,54009,56344,63080,1
1681,1680000,47048,48678,62825,1
1682,1681000,39041,39798,60051,1
1683,1682000,30755,30671,55046,1
1684,1683000,22983,22317,48331,1
1685,1684000,16467,15665,40638,1
1686,1685000,11820,11557,32889,1
1687,1686000,9506,10435,25999,1
1688,1687000,9730,12386,20792,1
1689,1688000,12510,17124,17850,1
1690,1689000,17566,24070,17480,1
1691,1690000,24442,32421,19697,1
1692,1691000,32462,41240,24249,1
1693,1692000,40865,49558,30628,1
1694,1693000,48848,56468,38129,1
1695,1694000,55637,61157,45859,1
1696,1695000,60575,63111,52904,1
1697,1696000,63171,62200,58464,1
1698,1697000,63162,58615,61932,1
1699,1698000,60527,52831,62956,1
1700,1699000,55508,45547,61470,1
1701,1700000,48576,37605,57684,1
1702,1701000,40407,29883,52053,1
1703,1702000,31773,23225,45236,1
1704,1703000,23524,18357,38047,1
1705,1704000,16460,15757,31314,1
1706,1705000,11285,15636,25794,1
1707,1706000,8521,17877,22057,1
1708,1707000,8449,22136,20468,1
1709,1708000,11105,27852,21124,1
1710,1709000,16235,34345,23862,1
1711,1710000,23340,40919,28335,1
1712,1711000,31755,46870,34026,1
1713,1712000,40644,51546,40233,1
1714,1713000,49145,54511,46211,1
1715,1714000,56405,55562,51322,1
1716,1715000,61705,54708,55050,1
1717,1716000,64510,52165,57069,1
1718,1717000,64530,48297,57228,1
1719,1718000,61742,43609,55587,1
1720,1719000,56413,38647,52430,1
1721,1720000,49051,33944,48207,1
1722,1721000,40387,29959,43451,1
1723,1722000,31271,27009,38695,1
1724,1723000,22610,25290,34434,1
1725,1724000,15266,24861,31085,1
1726,1725000,9973,25651,28944,1
1727,1726000,7270,27445,28146,1
1728,1727000,7429,29959,28660,1
1729,1728000,10450,32872,30305,1
1730,1729000,16035,35882,32792,1
1731,1730000,23639,38731,35775,1
1732,1731000,32499,41226,38896,1
1733,1732000,41738,43249,41840,1
1734,1733000,50430,44734,44354,1
1735,1734000,57710,45668,46264,1
1736,1735000,62849,46066,47482,1
1737,1736000,65331,45986,48018,1
1738,1737000,64912,45477,47954,1
1739,1738000,61631,44572,47413,1
1740,1739000,55822,43287,46529,1
1741,1740000,48066,41634,45422,1
1742,1741000,39143,39627,44181,1
1743,1742000,29942,37327,42868,1
1744,1743000,21384,34829,41510,1
1745,1744000,14315,32280,40117,1
1746,1745000,9438,29878,38695,1
1747,1746000,7229,27842,37252,1
1748,1747000,7899,26415,35827,1
1749,1748000,11371,25835,34491,1
1750,1749000,17283,26301,33363,1
1751,1750000,25040,27931,32604,1
1752,1751000,33859,30720,32389,1
1753,1752000,42863,34520,32876,1
1754,1753000,51161,39033,34166,1
1755,1754000,57936,43842,36270,1
1756,1755000,62537,48421,39091,1
1757,1756000,64517,52240,42431,1
1758,1757000,63710,54800,45991,1
1759,1758000,60206,55689,49395,1
1760,1759000,54377,54655,52227,1
1761,1760000,46805,51656,54080,1
1762,1761000,38250,46888,54619,1
1763,1762000,29550,40779,53641,1
1764,1763000,21555,33947,51113,1
1765,1764000,15037,27141,47192,1
1766,1765000,10615,21150,42215,1
1767,1766000,8703,16718,36678,1
1768,1767000,9464,14456,31197,1
1769,1768000,12802,14745,26436,1
1770,1769000,18376,17671,23018,1
1771,1770000,25639,22990,21438,1
1772,1771000,33874,30158,21954,1
1773,1772000,42288,38455,24643,1
1774,1773000,50072,46948,29297,1
1775,1774000,56479,54665,35484,1
1776,1775000,60916,60672,42558,1
1777,1776000,62959,64189,49715,1
1778,1777000,62441,64730,56087,1
1779,1778000,59415,62164,60869,1
1780,1779000,54184,56730,63437,1
1781,1780000,47245,49032,63431,1
1782,1781000,39265,39938,60798,1
1783,1782000,31008,30468,55777,1
1784,1783000,23257,21701,48872,1
1785,1784000,16748,14641,40821,1
1786,1785000,12083,10225,32591,1
1787,1786000,9721,8974,25175,1
1788,1787000,9863,11041,19492,1
1789,1788000,12539,16147,16226,1
1790,1789000,17474,23670,15753,1
1791,1790000,24230,32733,18120,1
1792,1791000,32143,42311,23075,1
1793,1792000,40471,51324,30084,1
1794,1793000,48424,58753,38373,1
1795,1794000,55238,63681,46936,1
1796,1795000,60259,65535,54733,1
1797,1796000,62990,64180,60842,1
1798,1797000,63153,59862,64574,1
1799,1798000,60707,53149,65535,1
1800,1799000,55872,44854,63655,1
1801,1800000,49099,35945,59176,1
1802,1801000,41042,27421,52619,1
1803,1802000,32453,20268,44763,1
1804,1803000,24175,15296,36568,1
1805,1804000,17005,13015,29014,1
1806,1805000,11663,13595,22974,1
1807,1806000,8685,16820,19085,1
1808,1807000,8382,22219,17729,1
1809,1808000,10815,29099,18985,1
1810,1809000,15756,36633,22643,1
1811,1810000,22745,43973,28232,1
1812,1811000,31105,50268,35031,1
1813,1812000,40025,54858,42207,1
1814,1813000,48630,57336,48938,1
1815,1814000,56066,57547,54463,1
1816,1815000,61586,55597,58195,1
1817,1816000,64621,51876,59819,1
1818,1817000,64865,46917,59269,1
1819,1818000,62262,41337,56717,1
1820,1819000,57065,35766,52540,1
1821,1820000,49764,30824,47307,1
1822,1821000,41091,26962,41676,1
1823,1822000,31886,24507,36269,1
1824,1823000,23080,23587,31682,1
1825,1824000,15541,24152,28361,1
1826,1825000,10039,25983,26575,1
1827,1826000,7126,28741,26408,1
1828,1827000,7106,32026,27734,1
1829,1828000,9989,35448,30264,1
1830,1829000,15499,38654,33605,1
1831,1830000,23088,41374,37312,1
1832,1831000,31998,43455,40950,1
1833,1832000,41338,44845,44158,1
1834,1833000,49882,45346,45429,1
1835,1834000,55439,43468,43963,1
1836,1835000,59275,41620,42326,1
1837,1836000,59186,39865,40959,1
1838,1837000,58019,38458,39509,1
1839,1838000,54329,37853,38380,1
1840,1839000,50269,39588,37664,1
1841,1840000,44807,41142,37397,1
1842,1841000,38934,41988,37865,1
1843,1842000,32301,42557,38656,1
1844,1843000,26351,42581,39834,1
1845,1844000,21242,42203,41200,1
1846,1845000,18173,41431,42519,1
1847,1846000,17403,40180,43781,1
1848,1847000,19035,38717,44761,1
1849,1848000,22765,37199,45371,1
1850,1849000,28133,35780,45554,1
1851,1850000,34433,34720,45228,1
1852,1851000,40948,34088,44479,1
1853,1852000,46771,33960,43420,1
1854,1853000,51245,34343,42174,1
1855,1854000,53836,35145,40933,1
1856,1855000,54282,36292,39820,1
1857,1856000,52508,37620,38994,1
1858,1857000,48937,38951,38527,1
1859,1858000,44004,40123,38474,1
1860,1859000,38457,40979,38829,1
1861,1860000,32952,41437,39530,1
1862,1861000,28120,41475,40471,1
1863,1862000,24645,41068,41535,1
1864,1863000,22867,40312,42569,1
1865,1864000,22923,39313,43451,1
1866,1865000,24740,38216,44063,1
1867,1866000,28026,37163,44341,1
1868,1867000,32169,36303,44273,1
1869,1868000,36591,35733,43890,1
1870,1869000,40597,35551,43244,1
1871,1870000,43683,35713,42477,1
1872,1871000,45451,36187,41697,1
1873,1872000,45643,36885,41035,1
1874,1873000,44525,37650,40578,1
1875,1874000,42327,38371,40377,1
1876,1875000,39505,38919,40457,1
1877,1876000,36657,39237,40748,1
1878,1877000,34236,39291,41188,1
1879,1878000,32716,39078,41685,1
1880,1879000,32156,38706,42130,1
1881,1880000,32690,38219,42456,1
1882,1881000,34064,37767,42583,1
1883,1882000,35918,37408,42530,1
1884,1883000,37896,37236,42285,1
1885,1884000,39456,37286,41925,1
1886,1885000,40364,37531,41523,1
1887,1886000,40313,37943,41166,1
1888,1887000,39282,38428,40941,1
1889,1888000,37465,38891,40894,1
1890,1889000,35106,39243,41055,1
1891,1890000,32658,39394,41414,1
1892,1891000,30565,39305,41916,1
1893,1892000,29217,38965,42491,1
1894,1893000,28968,38404,43043,1
1895,1894000,29943,37700,43475,1
1896,1895000,32119,36949,43706,1
1897,1896000,35275,36270,43676,1
1898,1897000,39000,35776,43365,1
1899,1898000,42771,35563,42795,1
1900,1899000,46021,35687,42029,1
1901,1900000,48213,36159,41165,1
1902,1901000,48939,36936,40325,1
1903,1902000,47993,37927,39631,1
1904,1903000,45389,39005,39194,1
1905,1904000,41393,40021,39092,1
1906,1905000,36487,40831,39359,1
1907,1906000,31292,41310,39979,1
1908,1907000,26513,41374,40886,1
1909,1908000,22817,40995,41970,1
1910,1909000,20756,40201,43094,1
1911,1910000,20693,39080,44108,1
1912,1911000,22718,37767,44872,1
1913,1912000,26658,36429,45272,1
1914,1913000,32065,35244,45240,1
1915,1914000,38279,34375,44763,1
1916,1915000,44511,33946,43888,1
1917,1916000,49926,34031,42720,1
1918,1917000,53767,34627,41413,1
1919,1918000,55543,35667,40126,1
1920,1919000,54963,37023,39032,1
1921,1920000,52103,38525,38268,1
1922,1921000,47309,39988,37929,1
1923,1922000,41146,41224,38068,1
1924,1923000,34413,42083,38659,1
1925,1924000,27834,42463,39647,1
1926,1925000,22297,42302,40907,1
1927,1926000,18400,41629,42295,1
1928,1927000,16710,40505,43640,1
1929,1928000,17423,39074,44773,1
1930,1929000,20482,37507,45556,1
1931,1930000,25504,35995,45892,1
1932,1931000,31883,34727,45738,1
1933,1932000,38800,33856,45120,1
1934,1933000,45451,33483,44112,1
1935,1934000,51014,33652,42839,1
1936,1935000,54861,34333,41455,1
1937,1936000,56496,35453,40125,1
1938,1937000,55767,36862,39014,1
1939,1938000,52772,38390,38254,1
1940,1939000,47910,39848,37932,1
1941,1940000,41792,41062,38083,1
1942,1941000,35210,41885,38675,1
1943,1942000,28943,42232,39630,1
1944,1943000,23779,42060,40824,1
1945,1944000,20288,41412,42107,1
1946,1945000,18867,40382,43314,1
1947,1946000,19635,39097,44306,1
1948,1947000,22417,37735,44962,1
1949,1948000,26784,36455,45224,1
1950,1949000,32147,35428,45059,1
1951,1950000,37796,34754,44521,1
1952,1951000,43014,34510,43687,1
1953,1952000,47157,34696,42685,1
1954,1953000,49790,35274,41638,1
1955,1954000,50684,36132,40691,1
1956,1955000,49879,37162,39934,1
1957,1956000,47494,38218,39471,1
1958,1957000,44003,39175,39321,1
1959,1958000,39879,39914,39494,1
1960,1959000,35703,40337,39958,1
1961,1960000,31994,40437,40617,1
1962,1961000,29281,40201,41375,1
1963,1962000,27878,39696,42109,1
1964,1963000,27826,39022,42721,1
1965,1964000,29047,38293,43126,1
1966,1965000,31177,37644,43276,1
1967,1966000,33786,37146,43194,1
1968,1967000,36344,36882,42914,1
1969,1968000,38360,36871,42517,1
1970,1969000,39667,37052,42092,1
1971,1970000,39992,37395,41720,1
1972,1971000,39460,37773,41490,1
1973,1972000,38330,38127,41402,1
1974,1973000,36816,38368,41491,1
1975,1974000,35441,38438,41707,1
1976,1975000,34420,38348,41993,1
1977,1976000,34083,38092,42290,1
1978,1977000,34576,37738,42506,1
1979,1978000,35781,37361,42600,1
1980,1979000,37583,37040,42523,1
1981,1980000,39620,36865,42268,1
1982,1981000,41493,36885,41873,1
1983,1982000,42838,37127,41385,1
1984,1983000,43290,37578,40891,1
1985,1984000,42669,38180,40479,1
1986,1985000,40951,38851,40226,1
1987,1986000,38278,39485,40199,1
1988,1987000,34985,39977,40424,1
1989,1988000,31522,40236,40892,1
1990,1989000,28392,40199,41556,1
1991,1990000,26097,39844,42336,1
1992,1991000,25047,39195,43128,1
1993,1992000,25489,38320,43820,1
1994,1993000,27492,37324,44305,1
1995,1994000,30894,36338,44499,1
1996,1995000,35321,35499,44355,1
1997,1996000,40246,34933,43867,1
1998,1997000,45015,34739,43079,1
1999,1998000,48976,34962,42081,1
2000,1999000,51545,35598,40994,1
