1,0,55605,11090,52553,13735,58003,10006,0
2,1000,55605,11090,52553,13736,58003,10006,0
3,2000,55605,11090,52553,13737,58002,10005,0
4,3000,55605,11090,52553,13738,58002,10005,0
5,4000,55605,11090,52553,13739,58002,10004,0
6,5000,55605,11090,52553,13740,58002,10003,0
7,6000,55605,11090,52553,13741,58002,10003,0
8,7000,55605,11090,52553,13741,58003,10002,0
9,8000,55605,11090,52553,13740,58003,10002,0
10,9000,55605,11090,52553,13739,58003,10002,0
11,10000,55605,11090,52553,13739,58004,10002,0
12,11000,55605,11090,52554,13737,58005,10002,0
13,12000,55605,11090,52554,13736,58005,10003,0
14,13000,55605,11090,52554,13735,58005,10003,0
15,14000,55605,11090,52553,13734,58005,10004,0
16,15000,55605,11090,52553,13733,58005,10005,0
17,16000,55605,11090,52553,13733,58005,10005,0
18,17000,55605,11090,52553,13733,58005,10006,0
19,18000,55605,11090,52553,13733,58004,10006,0
20,19000,55605,11090,52553,13734,58004,10006,0
21,20000,55605,11090,52553,13735,58003,10006,0
22,21000,55605,11090,52553,13736,58003,10006,0
23,22000,55605,11090,52553,13737,58002,10005,0
24,23000,55605,11090,52553,13738,58002,10005,0
25,24000,55605,11090,52553,13739,58002,10004,0
26,25000,55605,11090,52553,13740,58002,10003,0
27,26000,55605,11090,52553,13741,58002,10003,0
28,27000,55605,11090,52553,13741,58003,10002,0
29,28000,55605,11090,52553,13740,58003,10002,0
30,29000,55605,11090,52553,13740,58003,10002,0
31,30000,55605,11090,52553,13739,58004,10002,0
32,31000,55605,11090,52554,13737,58005,10002,0
33,32000,55605,11090,52554,13736,58005,10003,0
34,33000,55605,11090,52554,13735,58005,10003,0
35,34000,55605,11090,52553,13734,58005,10004,0
36,35000,55605,11090,52553,13733,58005,10005,0
37,36000,55605,11090,52553,13733,58005,10005,0
38,37000,55605,11090,52553,13733,58005,10006,0
39,38000,55605,11090,52553,13733,58004,10006,0
40,39000,55605,11090,52553,13734,58004,10006,0
41,40000,55605,11090,52553,13735,58003,10006,0
42,41000,55605,11090,52553,13736,58003,10006,0
43,42000,55605,11090,52553,13737,58002,10005,0
44,43000,55605,11090,52553,13738,58002,10005,0
45,44000,55605,11090,52553,13739,58002,10004,0
46,45000,55605,11090,52553,13740,58002,10003,0
47,46000,55605,11090,52553,13741,58002,10003,0
48,47000,55605,11090,52553,13741,58003,10002,0
49,48000,55605,11090,52553,13740,58003,10002,0
50,49000,55605,11090,52553,13739,58003,10002,0
51,50000,55605,11090,52553,13739,58004,10002,0
52,51000,55605,11090,52554,13737,58005,10002,0
53,52000,55605,11090,52554,13736,58005,10003,0
54,53000,55605,11090,52554,13735,58005,10003,0
55,54000,55605,11090,52553,13734,58005,10004,0
56,55000,55605,11090,52553,13733,58005,10005,0
57,56000,55605,11090,52553,13733,58005,10005,0
58,57000,55605,11090,52553,13733,58005,10006,0
59,58000,55605,11090,52553,13733,58004,10006,0
60,59000,55605,11090,52553,13734,58004,10006,0
61,60000,55605,11090,52553,13735,58003,10006,0
62,61000,55605,11090,52553,13736,58003,10006,0
63,62000,55605,11090,52553,13737,58002,10005,0
64,63000,55605,11090,52553,13738,58002,10005,0
65,64000,55605,11090,52553,13739,58002,10004,0
66,65000,55605,11090,52553,13740,58002,10003,0
67,66000,55605,11090,52553,13740,58002,10003,0
68,67000,55605,11090,52553,13741,58003,10002,0
69,68000,55605,11090,52553,13740,58003,10002,0
70,69000,55605,11090,52553,13740,58003,10002,0
71,70000,55605,11090,52553,13739,58004,10002,0
72,71000,55605,11090,52554,13737,58004,10002,0
73,72000,55605,11090,52554,13736,58005,10003,0
74,73000,55605,11090,52554,13735,58005,10003,0
75,74000,55605,11090,52553,13734,58005,10004,0
76,75000,55605,11090,52553,13733,58005,10005,0
77,76000,55605,11090,52553,13733,58005,10005,0
78,77000,55605,11090,52553,13733,58005,10006,0
79,78000,55605,11090,52553,13733,58004,10006,0
80,79000,55605,11090,52553,13734,58004,10006,0
81,80000,55605,11090,52553,13735,58003,10006,0
82,81000,55605,11090,52553,13736,58003,10006,0
83,82000,55605,11090,52553,13737,58002,10005,0
84,83000,55605,11090,52553,13738,58002,10005,0
85,84000,55605,11090,52553,13739,58002,10004,0
86,85000,55605,11090,52553,13740,58002,10003,0
87,86000,55605,11090,52553,13741,58002,10003,0
88,87000,55605,11090,52553,13741,58002,10002,0
89,88000,55605,11090,52553,13740,58003,10002,0
90,89000,55605,11090,52553,13740,58004,10002,0
91,90000,55605,11090,52553,13739,58004,10002,0
92,91000,55605,11090,52554,13738,58005,10002,0
93,92000,55605,11090,52554,13736,58005,10003,0
94,93000,55605,11090,52554,13735,58005,10003,0
95,94000,55605,11090,52553,13734,58005,10004,0
96,95000,55605,11090,52553,13733,58005,10005,0
97,96000,55605,11090,52553,13733,58005,10005,0
98,97000,55605,11090,52553,13733,58005,10006,0
99,98000,55605,11090,52553,13733,58004,10006,0
100,99000,55605,11090,52553,13734,58004,10006,0
101,100000,55605,11090,52553,13735,58003,10006,0
102,101000,55605,11090,52553,13736,58003,10006,0
103,102000,55605,11090,52553,13737,58002,10005,0
104,103000,55605,11090,52553,13738,58002,10005,0
105,104000,55605,11090,52553,13739,58002,10004,0
106,105000,55605,11090,52553,13740,58002,10003,0
107,106000,55605,11090,52553,13741,58002,10003,0
108,107000,55605,11090,52553,13741,58002,10002,0
109,108000,55605,11090,52553,13740,58003,10002,0
110,109000,55605,11090,52553,13740,58003,10002,0
111,110000,55605,11090,52553,13739,58004,10002,0
112,111000,55605,11090,52554,13738,58004,10002,0
113,112000,55605,11090,52554,13736,58005,10003,0
114,113000,55605,11090,52554,13735,58005,10003,0
115,114000,55605,11090,52553,13734,58005,10004,0
116,115000,55605,11090,52553,13733,58005,10005,0
117,116000,55605,11090,52553,13733,58005,10005,0
118,117000,55605,11090,52553,13733,58005,10006,0
119,118000,55605,11090,52553,13733,58004,10006,0
120,119000,55605,11090,52553,13734,58004,10006,0
121,120000,55605,11090,52553,13735,58003,10006,0
122,121000,55605,11090,52553,13736,58003,10006,0
123,122000,55605,11090,52553,13737,58002,10005,0
124,123000,55605,11090,52553,13738,58002,10005,0
125,124000,55605,11090,52553,13739,58002,10004,0
126,125000,55605,11090,52553,13740,58002,10003,0
127,126000,55605,11090,52553,13741,58002,10003,0
128,127000,55605,11090,52553,13741,58002,10002,0
129,128000,55605,11090,52553,13740,58003,10002,0
130,129000,55605,11090,52553,13740,58003,10002,0
131,130000,55605,11090,52553,13739,58004,10002,0
132,131000,55605,11090,52554,13738,58004,10002,0
133,132000,55605,11090,52554,13736,58005,10003,0
134,133000,55605,11090,52554,13735,58005,10003,0
135,134000,55605,11090,52553,13734,58005,10004,0
136,135000,55605,11090,52553,13733,58005,10005,0
137,136000,55605,11090,52553,13733,58005,10005,0
138,137000,55605,11090,52553,13733,58005,10006,0
139,138000,55605,11090,52553,13733,58004,10006,0
140,139000,55605,11090,52553,13734,58004,10006,0
141,140000,55605,11090,52553,13735,58003,10006,0
142,141000,55605,11090,52553,13736,58003,10006,0
143,142000,55605,11090,52553,13737,58002,10005,0
144,143000,55605,11090,52553,13738,58002,10005,0
145,144000,55605,11090,52553,13739,58002,10004,0
146,145000,55605,11090,52553,13740,58002,10004,0
147,146000,55605,11090,52553,13741,58002,10003,0
148,147000,55605,11090,52553,13741,58002,10002,0
149,148000,55605,11090,52553,13740,58003,10002,0
150,149000,55605,11090,52553,13740,58003,10002,0
151,150000,55605,11090,52553,13739,58004,10002,0
152,151000,55605,11090,52554,13738,58004,10002,0
153,152000,55605,11090,52554,13736,58005,10003,0
154,153000,55605,11090,52554,13735,58005,10003,0
155,154000,55605,11090,52553,13734,58005,10004,0
156,155000,55605,11090,52553,13733,58005,10005,0
157,156000,55605,11090,52553,13733,58005,10005,0
158,157000,55605,11090,52553,13733,58005,10006,0
159,158000,55605,11090,52553,13733,58004,10006,0
160,159000,55605,11090,52553,13734,58004,10006,0
161,160000,55605,11090,52553,13735,58003,10006,0
162,161000,55605,11090,52553,13736,58003,10006,0
163,162000,55605,11090,52553,13737,58002,10005,0
164,163000,55605,11090,52553,13738,58002,10005,0
165,164000,55605,11090,52553,13739,58002,10004,0
166,165000,55605,11090,52553,13740,58002,10004,0
167,166000,55605,11090,52553,13741,58002,10003,0
168,167000,55605,11090,52553,13741,58002,10002,0
169,168000,55605,11090,52553,13740,58003,10002,0
170,169000,55605,11090,52553,13740,58003,10002,0
171,170000,55605,11090,52553,13739,58004,10002,0
172,171000,55605,11090,52554,13738,58004,10002,0
173,172000,55605,11090,52554,13736,58005,10003,0
174,173000,55605,11090,52554,13735,58005,10003,0
175,174000,55605,11090,52553,13734,58005,10004,0
176,175000,55605,11090,52553,13733,58005,10005,0
177,176000,55605,11090,52553,13733,58005,10005,0
178,177000,55605,11090,52553,13733,58005,10006,0
179,178000,55605,11090,52553,13733,58004,10006,0
180,179000,55605,11090,52553,13734,58004,10006,0
181,180000,55605,11090,52553,13735,58003,10006,0
182,181000,55605,11090,52553,13736,58003,10006,0
183,182000,55605,11090,52553,13737,58002,10005,0
184,183000,55605,11090,52553,13739,58002,10005,0
185,184000,55605,11090,52553,13740,58002,10004,0
186,185000,55605,11090,52553,13740,58002,10003,0
187,186000,55605,11090,52553,13741,58002,10003,0
188,187000,55605,11090,52553,13741,58002,10002,0
189,188000,55605,11090,52553,13740,58003,10002,0
190,189000,55605,11090,52553,13740,58003,10002,0
191,190000,55605,11090,52553,13739,58004,10002,0
192,191000,55605,11090,52554,13737,58004,10002,0
193,192000,55605,11090,52554,13736,58005,10003,0
194,193000,55605,11090,52554,13735,58005,10003,0
195,194000,55605,11090,52553,13734,58005,10004,0
196,195000,55605,11090,52553,13733,58005,10005,0
197,196000,55605,11090,52553,13733,58005,10005,0
198,197000,55605,11090,52553,13733,58005,10006,0
199,198000,55605,11090,52553,13733,58004,10006,0
200,199000,55605,11090,52553,13734,58004,10006,0
201,200000,55605,11090,52553,13735,58003,10006,0
202,201000,55605,11090,52553,13736,58003,10006,0
203,202000,55605,11090,52553,13737,58002,10005,0
204,203000,55605,11090,52553,13738,58002,10005,0
205,204000,55605,11090,52553,13740,58002,10004,0
206,205000,55605,11090,52553,13740,58002,10003,0
207,206000,55605,11090,52553,13741,58002,10003,0
208,207000,55605,11090,52553,13741,58002,10002,0
209,208000,55605,11090,52553,13740,58003,10002,0
210,209000,55605,11090,52553,13740,58003,10002,0
211,210000,55605,11090,52553,13739,58004,10002,0
212,211000,55605,11090,52554,13738,58004,10002,0
213,212000,55605,11090,52554,13736,58005,10003,0
214,213000,55605,11090,52554,13735,58005,10003,0
215,214000,55605,11090,52553,13734,58005,10004,0
216,215000,55605,11090,52553,13733,58005,10005,0
217,216000,55605,11090,52553,13733,58005,10005,0
218,217000,55605,11090,52553,13733,58005,10006,0
219,218000,55605,11090,52553,13733,58004,10006,0
220,219000,55605,11090,52553,13734,58004,10006,0
221,220000,55605,11090,52553,13735,58003,10006,0
222,221000,55605,11090,52553,13736,58003,10006,0
223,222000,55605,11090,52553,13737,58002,10006,0
224,223000,55605,11090,52553,13738,58002,10005,0
225,224000,55605,11090,52553,13739,58002,10004,0
226,225000,55605,11090,52553,13740,58002,10003,0
227,226000,55605,11090,52553,13741,58002,10003,0
228,227000,55605,11090,52553,13741,58002,10002,0
229,228000,55605,11090,52553,13740,58003,10002,0
230,229000,55605,11090,52553,13740,58003,10002,0
231,230000,55605,11090,52553,13739,58004,10002,0
232,231000,55605,11090,52554,13738,58004,10002,0
233,232000,55605,11090,52554,13736,58005,10003,0
234,233000,55605,11090,52554,13735,58005,10003,0
235,234000,55605,11090,52553,13734,58005,10004,0
236,235000,55605,11090,52553,13733,58005,10005,0
237,236000,55605,11090,52553,13733,58005,10005,0
238,237000,55605,11090,52553,13733,58005,10006,0
239,238000,55605,11090,52553,13733,58004,10006,0
240,239000,55605,11090,52553,13734,58004,10006,0
241,240000,55605,11090,52553,13735,58003,10006,0
242,241000,55605,11090,52553,13736,58003,10006,0
243,242000,55605,11090,52553,13737,58002,10005,0
244,243000,55605,11090,52553,13739,58002,10005,0
245,244000,55605,11090,52553,13739,58002,10004,0
246,245000,55605,11090,52553,13740,58002,10004,0
247,246000,55605,11090,52553,13741,58002,10003,0
248,247000,55605,11090,52553,13741,58002,10002,0
249,248000,55605,11090,52553,13740,58003,10002,0
250,249000,55605,11090,52553,13740,58003,10002,0
251,250000,55605,11090,52553,13739,58004,10002,0
252,251000,55605,11090,52554,13738,58004,10002,0
253,252000,55605,11090,52554,13736,58005,10003,0
254,253000,55605,11090,52554,13735,58005,10003,0
255,254000,55605,11090,52553,13734,58005,10004,0
256,255000,55605,11090,52553,13733,58005,10005,0
257,256000,55605,11090,52553,13733,58005,10005,0
258,257000,55605,11090,52553,13733,58005,10006,0
259,258000,55605,11090,52553,13733,58004,10006,0
260,259000,55605,11090,52553,13734,58004,10006,0
261,260000,55605,11090,52553,13735,58003,10006,0
262,261000,55605,11090,52553,13736,58003,10006,0
263,262000,55605,11090,52553,13737,58002,10006,0
264,263000,55605,11090,52553,13738,58002,10005,0
265,264000,55605,11090,52553,13739,58002,10004,0
266,265000,55605,11090,52553,13740,58002,10003,0
267,266000,55605,11090,52553,13741,58002,10003,0
268,267000,55605,11090,52553,13741,58002,10002,0
269,268000,55605,11090,52553,13740,58003,10002,0
270,269000,55605,11090,52553,13740,58003,10002,0
271,270000,55605,11090,52553,13739,58004,10002,0
272,271000,55605,11090,52554,13738,58004,10002,0
273,272000,55605,11090,52554,13736,58005,10003,0
274,273000,55605,11090,52554,13735,58005,10003,0
275,274000,55605,11090,52553,13734,58005,10004,0
276,275000,55605,11090,52553,13733,58005,10005,0
277,276000,55605,11090,52553,13733,58005,10005,0
278,277000,55605,11090,52553,13733,58005,10006,0
279,278000,55605,11090,52553,13733,58004,10006,0
280,279000,55605,11090,52553,13734,58004,10006,0
281,280000,55605,11090,52553,13735,58003,10006,0
282,281000,55605,11090,52553,13736,58003,10006,0
283,282000,55605,11090,52553,13737,58002,10006,0
284,283000,55605,11090,52553,13739,58002,10005,0
285,284000,55605,11090,52553,13740,58002,10004,0
286,285000,55605,11090,52553,13740,58002,10003,0
287,286000,55605,11090,52553,13741,58002,10003,0
288,287000,55605,11090,52553,13741,58002,10002,0
289,288000,55605,11090,52553,13740,58003,10002,0
290,289000,55605,11090,52553,13740,58003,10002,0
291,290000,55605,11090,52553,13739,58004,10002,0
292,291000,55605,11090,52554,13738,58004,10002,0
293,292000,55605,11090,52554,13736,58005,10003,0
294,293000,55605,11090,52554,13735,58005,10003,0
295,294000,55605,11090,52553,13734,58005,10004,0
296,295000,55605,11090,52553,13733,58005,10005,0
297,296000,55605,11090,52553,13733,58005,10005,0
298,297000,55605,11090,52553,13733,58005,10006,0
299,298000,55605,11090,52553,13733,58004,10006,0
300,299000,55605,11090,52553,13734,58004,10006,0
301,300000,55605,11090,52553,13735,58003,10006,0
302,301000,55605,11090,52553,13736,58003,10006,0
303,302000,55605,11090,52553,13737,58002,10006,0
304,303000,55605,11090,52553,13739,58002,10005,0
305,304000,55605,11090,52553,13740,58002,10004,0
306,305000,55605,11090,52553,13740,58002,10004,0
307,306000,55605,11090,52553,13741,58002,10003,0
308,307000,55605,11090,52553,13741,58002,10002,0
309,308000,55605,11090,52553,13740,58003,10002,0
310,309000,55605,11090,52553,13740,58003,10002,0
311,310000,55605,11090,52553,13739,58004,10002,0
312,311000,55605,11090,52554,13738,58004,10002,0
313,312000,55605,11090,52554,13736,58005,10003,0
314,313000,55605,11090,52554,13735,58005,10003,0
315,314000,55605,11090,52553,13734,58005,10004,0
316,315000,55605,11090,52553,13734,58005,10005,0
317,316000,55605,11090,52553,13733,58005,10005,0
318,317000,55605,11090,52553,13733,58005,10006,0
319,318000,55605,11090,52553,13733,58004,10006,0
320,319000,55605,11090,52553,13734,58004,10006,0
321,320000,55605,11090,52553,13735,58003,10006,0
322,321000,55605,11090,52553,13736,58003,10006,0
323,322000,55605,11090,52553,13737,58002,10006,0
324,323000,55605,11090,52553,13739,58002,10005,0
325,324000,55605,11090,52553,13740,58002,10004,0
326,325000,55605,11090,52553,13740,58002,10004,0
327,326000,55605,11090,52553,13741,58002,10003,0
328,327000,55605,11090,52553,13741,58002,10002,0
329,328000,55605,11090,52553,13740,58003,10002,0
330,329000,55605,11090,52553,13740,58003,10002,0
331,330000,55605,11090,52553,13739,58004,10002,0
332,331000,55605,11090,52554,13738,58004,10002,0
333,332000,55605,11090,52554,13736,58005,10003,0
334,333000,55605,11090,52554,13735,58005,10003,0
335,334000,55605,11090,52553,13734,58005,10004,0
336,335000,55605,11090,52553,13733,58005,10005,0
337,336000,55605,11090,52553,13733,58005,10005,0
338,337000,55605,11090,52553,13733,58004,10006,0
339,338000,55605,11090,52553,13733,58004,10006,0
340,339000,55605,11090,52553,13734,58004,10006,0
341,340000,55605,11090,52553,13735,58003,10006,0
342,341000,55605,11090,52553,13736,58003,10006,0
343,342000,55605,11090,52553,13737,58002,10006,0
344,343000,55605,11090,52553,13739,58002,10005,0
345,344000,55605,11090,52553,13740,58002,10004,0
346,345000,55605,11090,52553,13740,58002,10004,0
347,346000,55605,11090,52553,13741,58002,10003,0
348,347000,55605,11090,52553,13741,58002,10002,0
349,348000,55605,11090,52553,13740,58003,10002,0
350,349000,55605,11090,52553,13740,58003,10002,0
351,350000,55605,11090,52553,13739,58004,10002,0
352,351000,55605,11090,52554,13738,58004,10002,0
353,352000,55605,11090,52554,13736,58005,10003,0
354,353000,55605,11090,52554,13735,58005,10003,0
355,354000,55605,11090,52553,13734,58005,10004,0
356,355000,55605,11090,52553,13734,58005,10005,0
357,356000,55605,11090,52553,13733,58005,10006,0
358,357000,55605,11090,52553,13733,58004,10006,0
359,358000,55605,11090,52553,13733,58004,10006,0
360,359000,55605,11090,52553,13734,58004,10006,0
361,360000,55605,11090,52553,13735,58003,10006,0
362,361000,55605,11090,52553,13736,58002,10006,0
363,362000,55605,11090,52553,13737,58002,10006,0
364,363000,55605,11090,52553,13739,58002,10005,0
365,364000,55605,11090,52553,13740,58002,10004,0
366,365000,55605,11090,52553,13740,58002,10004,0
367,366000,55605,11090,52553,13741,58002,10003,0
368,367000,55605,11090,52553,13741,58002,10002,0
369,368000,55605,11090,52553,13740,58003,10002,0
370,369000,55605,11090,52553,13740,58003,10002,0
371,370000,55605,11090,52553,13739,58004,10002,0
372,371000,55605,11090,52554,13738,58004,10002,0
373,372000,55605,11090,52554,13736,58005,10003,0
374,373000,55605,11090,52554,13735,58005,10003,0
375,374000,55605,11090,52553,13734,58005,10004,0
376,375000,55605,11090,52553,13734,58005,10005,0
377,376000,55605,11090,52553,13733,58005,10005,0
378,377000,55605,11090,52553,13733,58005,10006,0
379,378000,55605,11090,52553,13733,58004,10006,0
380,379000,55605,11090,52553,13734,58004,10006,0
381,380000,55605,11090,52553,13735,58003,10006,0
382,381000,55605,11090,52553,13736,58002,10006,0
383,382000,55605,11090,52553,13737,58002,10006,0
384,383000,55605,11090,52553,13739,58002,10005,0
385,384000,55605,11090,52553,13740,58002,10004,0
386,385000,55605,11090,52553,13740,58002,10004,0
387,386000,55605,11090,52553,13741,58002,10003,0
388,387000,55605,11090,52553,13741,58002,10002,0
389,388000,55605,11090,52553,13740,58003,10002,0
390,389000,55605,11090,52553,13740,58003,10002,0
391,390000,55605,11090,52553,13739,58004,10002,0
392,391000,55605,11090,52554,13738,58004,10002,0
393,392000,55605,11090,52554,13736,58005,10003,0
394,393000,55605,11090,52554,13735,58005,10003,0
395,394000,55605,11090,52553,13734,58005,10004,0
396,395000,55605,11090,52553,13734,58005,10005,0
397,396000,55605,11090,52553,13733,58005,10005,0
398,397000,55605,11090,52553,13733,58004,10006,0
399,398000,55605,11090,52553,13733,58004,10006,0
400,399000,55605,11090,52553,13734,58003,10006,0
401,400000,55605,11090,52553,13735,58003,10006,0
402,401000,55605,11090,52553,13736,58002,10006,0
403,402000,55605,11090,52553,13737,58002,10006,0
404,403000,55605,11090,52553,13739,58002,10005,0
405,404000,55605,11090,52553,13740,58002,10004,0
406,405000,55605,11090,52553,13740,58002,10004,0
407,406000,55605,11090,52553,13741,58002,10003,0
408,407000,55605,11090,52553,13741,58002,10003,0
409,408000,55605,11090,52553,13740,58003,10002,0
410,409000,55605,11090,52553,13740,58003,10002,0
411,410000,55605,11090,52553,13739,58004,10002,0
412,411000,55605,11090,52554,13738,58004,10002,0
413,412000,55605,11090,52554,13737,58005,10003,0
414,413000,55605,11090,52554,13735,58005,10003,0
415,414000,55605,11090,52553,13734,58005,10004,0
416,415000,55605,11090,52553,13734,58005,10005,0
417,416000,55605,11090,52553,13733,58005,10006,0
418,417000,55605,11090,52553,13733,58005,10006,0
419,418000,55605,11090,52553,13733,58004,10006,0
420,419000,55605,11090,52553,13734,58004,10006,0
421,420000,55605,11090,52553,13735,58003,10006,0
422,421000,55605,11090,52553,13736,58002,10006,0
423,422000,55605,11090,52553,13737,58002,10006,0
424,423000,55605,11090,52553,13739,58002,10005,0
425,424000,55605,11090,52553,13740,58002,10004,0
426,425000,55605,11090,52553,13740,58002,10004,0
427,426000,55605,11090,52553,13741,58002,10003,0
428,427000,55605,11090,52553,13741,58002,10002,0
429,428000,55605,11090,52553,13741,58003,10002,0
430,429000,55605,11090,52553,13740,58003,10002,0
431,430000,55605,11090,52553,13739,58004,10002,0
432,431000,55605,11090,52554,13738,58004,10002,0
433,432000,55605,11090,52554,13736,58005,10003,0
434,433000,55605,11090,52554,13735,58005,10003,0
435,434000,55605,11090,52553,13734,58005,10004,0
436,435000,55605,11090,52553,13734,58005,10005,0
437,436000,55605,11090,52553,13733,58005,10006,0
438,437000,55605,11090,52553,13733,58004,10006,0
439,438000,55605,11090,52553,13733,58004,10006,0
440,439000,55605,11090,52553,13734,58003,10006,0
441,440000,55605,11090,52553,13735,58003,10006,0
442,441000,55605,11090,52553,13736,58002,10006,0
443,442000,55605,11090,52553,13737,58002,10006,0
444,443000,55605,11090,52553,13739,58002,10005,0
445,444000,55605,11090,52553,13740,58002,10004,0
446,445000,55605,11090,52553,13740,58002,10004,0
447,446000,55605,11090,52553,13741,58002,10003,0
448,447000,55605,11090,52553,13741,58002,10002,0
449,448000,55605,11090,52553,13740,58003,10002,0
450,449000,55605,11090,52553,13740,58003,10002,0
451,450000,55605,11090,52553,13739,58004,10002,0
452,451000,55605,11090,52554,13738,58004,10002,0
453,452000,55605,11090,52554,13736,58005,10003,0
454,453000,55605,11090,52554,13735,58005,10004,0
455,454000,55605,11090,52553,13734,58005,10004,0
456,455000,55605,11090,52553,13733,58005,10005,0
457,456000,55605,11090,52553,13733,58005,10005,0
458,457000,55605,11090,52553,13733,58004,10006,0
459,458000,55605,11090,52553,13734,58004,10006,0
460,459000,55605,11090,52553,13734,58003,10006,0
461,460000,55605,11090,52553,13735,58003,10006,0
462,461000,55605,11090,52553,13736,58002,10006,0
463,462000,55605,11090,52553,13738,58002,10006,0
464,463000,55605,11090,52553,13739,58002,10005,0
465,464000,55605,11090,52553,13740,58002,10004,0
466,465000,55605,11090,52553,13740,58002,10004,0
467,466000,55605,11090,52553,13741,58002,10003,0
468,467000,55605,11090,52553,13741,58002,10002,0
469,468000,55605,11090,52553,13741,58003,10002,0
470,469000,55605,11090,52553,13740,58003,10002,0
471,470000,55605,11090,52553,13739,58004,10002,0
472,471000,55605,11090,52554,13738,58004,10002,0
473,472000,55605,11090,52554,13736,58005,10003,0
474,473000,55605,11090,52554,13735,58005,10003,0
475,474000,55605,11090,52553,13734,58005,10004,0
476,475000,55605,11090,52553,13734,58005,10005,0
477,476000,55605,11090,52553,13733,58005,10005,0
478,477000,55605,11090,52553,13733,58004,10006,0
479,478000,55605,11090,52553,13733,58004,10006,0
480,479000,55605,11090,52553,13734,58003,10006,0
481,480000,55605,11090,52553,13735,58003,10006,0
482,481000,55605,11090,52553,13736,58002,10006,0
483,482000,55605,11090,52553,13738,58002,10006,0
484,483000,55605,11090,52553,13739,58002,10005,0
485,484000,55605,11090,52553,13740,58002,10004,0
486,485000,55605,11090,52553,13740,58002,10004,0
487,486000,55605,11090,52553,13741,58002,10003,0
488,487000,55605,11090,52553,13741,58002,10003,0
489,488000,55605,11090,52553,13741,58003,10002,0
490,489000,55605,11090,52553,13740,58003,10002,0
491,490000,55605,11090,52553,13739,58004,10002,0
492,491000,55605,11090,52554,13738,58004,10002,0
493,492000,55605,11090,52554,13736,58005,10003,0
494,493000,55605,11090,52554,13735,58005,10003,0
495,494000,55605,11090,52553,13734,58005,10004,0
496,495000,55605,11090,52553,13734,58005,10005,0
497,496000,55605,11090,52553,13733,58005,10005,0
498,497000,55605,11090,52553,13733,58004,10006,0
499,498000,55605,11090,52553,13734,58004,10006,0
500,499000,55605,11090,52553,13734,58003,10006,0
501,500000,55605,11090,52553,13735,58003,10006,0
502,501000,55605,11090,52553,13736,58002,10006,0
503,502000,55605,11090,52553,13737,58002,10006,0
504,503000,55605,11090,52553,13739,58002,10005,0
505,504000,55605,11090,52553,13740,58002,10004,0
506,505000,55605,11090,52553,13740,58002,10004,0
507,506000,55605,11090,52553,13741,58002,10003,0
508,507000,55605,11090,52553,13741,58002,10003,0
509,508000,55605,11090,52553,13741,58003,10002,0
510,509000,55605,11090,52553,13740,58003,10002,0
511,510000,55605,11090,52553,13739,58004,10002,0
512,511000,55605,11090,52554,13738,58004,10002,0
513,512000,55605,11090,52554,13737,58005,10003,0
514,513000,55605,11090,52554,13735,58005,10003,0
515,514000,55605,11090,52553,13734,58005,10004,0
516,515000,55605,11090,52553,13734,58005,10005,0
517,516000,55605,11090,52553,13733,58005,10006,0
518,517000,55605,11090,52553,13733,58004,10006,0
519,518000,55605,11090,52553,13733,58004,10006,0
520,519000,55605,11090,52553,13734,58003,10007,0
521,520000,55605,11090,52553,13735,58003,10006,0
522,521000,55605,11090,52553,13736,58002,10006,0
523,522000,55605,11090,52553,13738,58002,10006,0
524,523000,55605,11090,52553,13739,58002,10005,0
525,524000,55605,11090,52553,13740,58002,10004,0
526,525000,55605,11090,52553,13740,58002,10004,0
527,526000,55605,11090,52553,13741,58002,10003,0
528,527000,55605,11090,52553,13741,58002,10003,0
529,528000,55605,11090,52553,13741,58003,10002,0
530,529000,55605,11090,52553,13740,58003,10002,0
531,530000,55605,11090,52553,13739,58004,10002,0
532,531000,55605,11090,52554,13738,58004,10002,0
533,532000,55605,11090,52554,13736,58005,10003,0
534,533000,55605,11090,52554,13735,58005,10004,0
535,534000,55605,11090,52553,13734,58005,10004,0
536,535000,55605,11090,52553,13734,58005,10005,0
537,536000,55605,11090,52553,13733,58005,10006,0
538,537000,55605,11090,52553,13733,58004,10006,0
539,538000,55605,11090,52553,13733,58004,10006,0
540,539000,55605,11090,52553,13734,58003,10007,0
541,540000,55605,11090,52553,13735,58003,10006,0
542,541000,55605,11090,52553,13736,58002,10006,0
543,542000,55605,11090,52553,13738,58002,10006,0
544,543000,55605,11090,52553,13739,58002,10005,0
545,544000,55605,11090,52553,13740,58002,10004,0
546,545000,55605,11090,52553,13740,58002,10004,0
547,546000,55605,11090,52553,13741,58002,10003,0
548,547000,55605,11090,52553,13741,58002,10003,0
549,548000,55605,11090,52553,13741,58003,10002,0
550,549000,55605,11090,52553,13740,58003,10002,0
551,550000,55605,11090,52553,13739,58004,10002,0
552,551000,55605,11090,52554,13738,58004,10002,0
553,552000,55605,11090,52554,13737,58005,10003,0
554,553000,55605,11090,52554,13735,58005,10004,0
555,554000,55605,11090,52553,13734,58005,10004,0
556,555000,55605,11090,52553,13734,58005,10005,0
557,556000,55605,11090,52553,13733,58005,10006,0
558,557000,55605,11090,52553,13733,58004,10006,0
559,558000,55605,11090,52553,13734,58004,10006,0
560,559000,55605,11090,52553,13734,58003,10007,0
561,560000,55605,11090,52553,13735,58003,10006,0
562,561000,55605,11090,52553,13736,58002,10006,0
563,562000,55605,11090,52553,13738,58002,10006,0
564,563000,55605,11090,52553,13739,58002,10005,0
565,564000,55605,11090,52553,13740,58002,10004,0
566,565000,55605,11090,52553,13741,58002,10004,0
567,566000,55605,11090,52553,13741,58002,10003,0
568,567000,55605,11090,52553,13741,58002,10003,0
569,568000,55605,11090,52553,13741,58003,10002,0
570,569000,55605,11090,52553,13740,58003,10002,0
571,570000,55605,11090,52553,13739,58004,10002,0
572,571000,55605,11090,52554,13738,58004,10002,0
573,572000,55605,11090,52554,13737,58005,10003,0
574,573000,55605,11090,52554,13735,58005,10004,0
575,574000,55605,11090,52553,13734,58005,10004,0
576,575000,55605,11090,52553,13734,58005,10005,0
577,576000,55605,11090,52553,13733,58005,10005,0
578,577000,55605,11090,52553,13733,58004,10006,0
579,578000,55605,11090,52553,13734,58004,10006,0
580,579000,55605,11090,52553,13734,58003,10006,0
581,580000,55605,11090,52553,13735,58003,10006,0
582,581000,55605,11090,52553,13736,58002,10006,0
583,582000,55605,11090,52553,13738,58002,10006,0
584,583000,55605,11090,52553,13739,58002,10005,0
585,584000,55605,11090,52553,13740,58002,10004,0
586,585000,55605,11090,52553,13740,58002,10004,0
587,586000,55605,11090,52553,13741,58002,10003,0
588,587000,55605,11090,52553,13741,58002,10003,0
589,588000,55605,11090,52553,13741,58003,10002,0
590,589000,55605,11090,52553,13740,58003,10002,0
591,590000,55605,11090,52553,13739,58004,10002,0
592,591000,55605,11090,52554,13738,58004,10002,0
593,592000,55605,11090,52554,13737,58005,10003,0
594,593000,55605,11090,52554,13735,58005,10004,0
595,594000,55605,11090,52553,13734,58005,10004,0
596,595000,55605,11090,52553,13734,58005,10005,0
597,596000,55605,11090,52553,13733,58005,10005,0
598,597000,55605,11090,52553,13733,58004,10006,0
599,598000,55605,11090,52553,13734,58004,10006,0
600,599000,55605,11090,52553,13734,58003,10007,0
601,600000,55605,11090,52553,13735,58003,10007,0
602,601000,55605,11090,52553,13736,58002,10006,0
603,602000,55605,11090,52553,13738,58002,10006,0
604,603000,55605,11090,52553,13739,58002,10005,0
605,604000,55605,11090,52553,13740,58002,10004,0
606,605000,55605,11090,52553,13740,58002,10004,0
607,606000,55605,11090,52553,13741,58002,10003,0
608,607000,55605,11090,52553,13741,58002,10003,0
609,608000,55605,11090,52553,13741,58003,10002,0
610,609000,55605,11090,52553,13740,58003,10002,0
611,610000,55605,11090,52553,13739,58004,10002,0
612,611000,55605,11090,52554,13738,58004,10003,0
613,612000,55605,11090,52554,13737,58005,10003,0
614,613000,55605,11090,52554,13735,58005,10004,0
615,614000,55605,11090,52553,13734,58005,10004,0
616,615000,55605,11090,52553,13734,58005,10005,0
617,616000,55605,11090,52553,13733,58005,10006,0
618,617000,55605,11090,52553,13733,58004,10006,0
619,618000,55605,11090,52553,13734,58004,10006,0
620,619000,55605,11090,52553,13734,58003,10007,0
621,620000,55605,11090,52553,13735,58003,10007,0
622,621000,55605,11090,52553,13736,58002,10006,0
623,622000,55605,11090,52553,13738,58002,10006,0
624,623000,55605,11090,52553,13739,58002,10005,0
625,624000,55605,11090,52553,13740,58002,10005,0
626,625000,55605,11090,52553,13740,58002,10004,0
627,626000,55605,11090,52553,13741,58002,10003,0
628,627000,55605,11090,52553,13741,58002,10003,0
629,628000,55605,11090,52553,13741,58003,10002,0
630,629000,55605,11090,52553,13740,58003,10002,0
631,630000,55605,11090,52553,13739,58004,10002,0
632,631000,55605,11090,52554,13738,58004,10003,0
633,632000,55605,11090,52554,13737,58004,10003,0
634,633000,55605,11090,52554,13735,58005,10004,0
635,634000,55605,11090,52553,13734,58005,10004,0
636,635000,55605,11090,52553,13734,58005,10005,0
637,636000,55605,11090,52553,13733,58005,10006,0
638,637000,55605,11090,52553,13733,58004,10006,0
639,638000,55605,11090,52553,13734,58004,10006,0
640,639000,55605,11090,52553,13734,58003,10007,0
641,640000,55605,11090,52553,13735,58003,10007,0
642,641000,55605,11090,52553,13736,58002,10006,0
643,642000,55605,11090,52553,13738,58002,10006,0
644,643000,55605,11090,52553,13739,58002,10005,0
645,644000,55605,11090,52553,13740,58001,10004,0
646,645000,55605,11090,52553,13741,58002,10004,0
647,646000,55605,11090,52553,13741,58002,10003,0
648,647000,55605,11090,52553,13741,58002,10003,0
649,648000,55605,11090,52553,13741,58003,10002,0
650,649000,55605,11090,52553,13740,58003,10002,0
651,650000,55605,11090,52553,13739,58004,10002,0
652,651000,55605,11090,52554,13738,58004,10003,0
653,652000,55605,11090,52554,13737,58004,10003,0
654,653000,55605,11090,52554,13735,58005,10004,0
655,654000,55605,11090,52553,13734,58005,10004,0
656,655000,55605,11090,52553,13734,58005,10005,0
657,656000,55605,11090,52553,13733,58005,10006,0
658,657000,55605,11090,52553,13733,58004,10006,0
659,658000,55605,11090,52553,13734,58004,10006,0
660,659000,55605,11090,52553,13734,58003,10007,0
661,660000,55605,11090,52553,13735,58003,10007,0
662,661000,55605,11090,52553,13736,58002,10006,0
663,662000,55605,11090,52553,13738,58002,10006,0
664,663000,55605,11090,52553,13739,58002,10005,0
665,664000,55605,11090,52553,13740,58002,10005,0
666,665000,55605,11090,52553,13741,58002,10004,0
667,666000,55605,11090,52553,13741,58002,10003,0
668,667000,55605,11090,52553,13741,58002,10003,0
669,668000,55605,11090,52553,13741,58003,10002,0
670,669000,55605,11090,52553,13740,58003,10002,0
671,670000,55605,11090,52553,13739,58004,10002,0
672,671000,55605,11090,52554,13738,58004,10003,0
673,672000,55605,11090,52554,13737,58005,10003,0
674,673000,55605,11090,52554,13735,58005,10004,0
675,674000,55605,11090,52553,13734,58005,10004,0
676,675000,55605,11090,52553,13734,58005,10005,0
677,676000,55605,11090,52553,13733,58005,10006,0
678,677000,55605,11090,52553,13733,58004,10006,0
679,678000,55605,11090,52553,13734,58004,10007,0
680,679000,55605,11090,52553,13734,58003,10007,0
681,680000,55605,11090,52553,13735,58003,10007,0
682,681000,55605,11090,52553,13736,58002,10006,0
683,682000,55605,11090,52553,13738,58002,10006,0
684,683000,55605,11090,52553,13739,58002,10005,0
685,684000,55605,11090,52553,13740,58002,10005,0
686,685000,55605,11090,52553,13741,58002,10004,0
687,686000,55605,11090,52553,13741,58002,10003,0
688,687000,55605,11090,52553,13741,58002,10003,0
689,688000,55605,11090,52553,13741,58003,10002,0
690,689000,55605,11090,52553,13740,58003,10002,0
691,690000,55605,11090,52553,13739,58004,10002,0
692,691000,55605,11090,52554,13738,58004,10003,0
693,692000,55605,11090,52554,13737,58004,10003,0
694,693000,55605,11090,52554,13735,58005,10004,0
695,694000,55605,11090,52553,13734,58005,10004,0
696,695000,55605,11090,52553,13734,58005,10005,0
697,696000,55605,11090,52553,13733,58005,10006,0
698,697000,55605,11090,52553,13733,58004,10006,0
699,698000,55605,11090,52553,13734,58004,10006,0
700,699000,55605,11090,52553,13734,58003,10007,0
701,700000,55605,11090,52553,13735,58003,10007,0
702,701000,55605,11090,52553,13736,58002,10006,0
703,702000,55605,11090,52553,13738,58002,10006,0
704,703000,55605,11090,52553,13739,58002,10005,0
705,704000,55605,11090,52553,13740,58001,10004,0
706,705000,55605,11090,52553,13740,58001,10004,0
707,706000,55605,11090,52553,13741,58002,10003,0
708,707000,55605,11090,52553,13741,58002,10003,0
709,708000,55605,11090,52553,13741,58002,10002,0
710,709000,55605,11090,52553,13740,58003,10002,0
711,710000,55605,11090,52553,13739,58004,10002,0
712,711000,55605,11090,52554,13738,58004,10003,0
713,712000,55605,11090,52554,13737,58004,10003,0
714,713000,55605,11090,52554,13735,58005,10004,0
715,714000,55605,11090,52553,13735,58005,10004,0
716,715000,55605,11090,52553,13734,58005,10005,0
717,716000,55605,11090,52553,13733,58005,10006,0
718,717000,55605,11090,52553,13733,58004,10006,0
719,718000,55605,11090,52553,13734,58004,10006,0
720,719000,55605,11090,52553,13734,58003,10007,0
721,720000,55605,11090,52553,13735,58003,10007,0
722,721000,55605,11090,52553,13736,58002,10006,0
723,722000,55605,11090,52553,13738,58002,10006,0
724,723000,55605,11090,52553,13739,58002,10005,0
725,724000,55605,11090,52553,13740,58001,10005,0
726,725000,55605,11090,52553,13741,58001,10004,0
727,726000,55605,11090,52553,13741,58002,10003,0
728,727000,55605,11090,52553,13741,58002,10003,0
729,728000,55605,11090,52553,13741,58003,10002,0
730,729000,55605,11090,52553,13740,58003,10002,0
731,730000,55605,11090,52553,13739,58004,10002,0
732,731000,55605,11090,52554,13738,58004,10003,0
733,732000,55605,11090,52554,13737,58004,10003,0
734,733000,55605,11090,52554,13735,58005,10004,0
735,734000,55605,11090,52553,13734,58005,10004,0
736,735000,55605,11090,52553,13734,58005,10005,0
737,736000,55605,11090,52553,13733,58005,10006,0
738,737000,55605,11090,52553,13733,58004,10006,0
739,738000,55605,11090,52553,13734,58004,10006,0
740,739000,55605,11090,52553,13734,58003,10007,0
741,740000,55605,11090,52553,13735,58003,10007,0
742,741000,55605,11090,52553,13736,58002,10006,0
743,742000,55605,11090,52553,13738,58002,10006,0
744,743000,55605,11090,52553,13739,58002,10005,0
745,744000,55605,11090,52553,13740,58001,10004,0
746,745000,55605,11090,52553,13741,58001,10004,0
747,746000,55605,11090,52553,13741,58002,10003,0
748,747000,55605,11090,52553,13741,58002,10003,0
749,748000,55605,11090,52553,13741,58002,10002,0
750,749000,55605,11090,52553,13740,58003,10002,0
751,750000,55605,11090,52553,13739,58004,10002,0
752,751000,55605,11090,52554,13738,58004,10003,0
753,752000,55605,11090,52554,13737,58004,10003,0
754,753000,55605,11090,52554,13735,58005,10004,0
755,754000,55605,11090,52553,13734,58005,10004,0
756,755000,55605,11090,52553,13734,58005,10005,0
757,756000,55605,11090,52553,13733,58005,10006,0
758,757000,55605,11090,52553,13733,58004,10006,0
759,758000,55605,11090,52553,13734,58004,10006,0
760,759000,55605,11090,52553,13734,58003,10007,0
761,760000,55605,11090,52553,13735,58003,10007,0
762,761000,55605,11090,52553,13736,58002,10006,0
763,762000,55605,11090,52553,13738,58002,10006,0
764,763000,55605,11090,52553,13739,58002,10005,0
765,764000,55605,11090,52553,13740,58001,10005,0
766,765000,55605,11090,52553,13741,58001,10004,0
767,766000,55605,11090,52553,13741,58002,10003,0
768,767000,55605,11090,52553,13741,58002,10003,0
769,768000,55605,11090,52553,13741,58002,10002,0
770,769000,55605,11090,52553,13740,58003,10002,0
771,770000,55605,11090,52553,13739,58004,10002,0
772,771000,55605,11090,52554,13738,58004,10003,0
773,772000,55605,11090,52554,13737,58004,10003,0
774,773000,55605,11090,52554,13736,58005,10004,0
775,774000,55605,11090,52553,13735,58005,10004,0
776,775000,55605,11090,52553,13734,58005,10005,0
777,776000,55605,11090,52553,13733,58005,10006,0
778,777000,55605,11090,52553,13733,58004,10006,0
779,778000,55605,11090,52553,13734,58004,10007,0
780,779000,55605,11090,52553,13734,58003,10007,0
781,780000,55605,11090,52553,13735,58003,10007,0
782,781000,55605,11090,52553,13736,58002,10006,0
783,782000,55605,11090,52553,13738,58002,10006,0
784,783000,55605,11090,52553,13739,58002,10005,0
785,784000,55605,11090,52553,13740,58001,10005,0
786,785000,55605,11090,52553,13741,58002,10004,0
787,786000,55605,11090,52553,13741,58002,10003,0
788,787000,55605,11090,52553,13741,58002,10003,0
789,788000,55605,11090,52553,13741,58003,10002,0
790,789000,55605,11090,52553,13740,58003,10002,0
791,790000,55605,11090,52553,13739,58004,10002,0
792,791000,55605,11090,52554,13738,58004,10003,0
793,792000,55605,11090,52554,13737,58004,10003,0
794,793000,55605,11090,52554,13735,58005,10004,0
795,794000,55605,11090,52553,13735,58005,10004,0
796,795000,55605,11090,52553,13734,58005,10005,0
797,796000,55605,11090,52553,13733,58005,10006,0
798,797000,55605,11090,52553,13733,58004,10006,0
799,798000,55605,11090,52553,13734,58004,10007,0
800,799000,55605,11090,52553,13734,58003,10007,0
801,800000,55605,11090,52553,13735,58003,10007,0
802,801000,55605,11090,52553,13736,58002,10006,0
803,802000,55605,11090,52553,13738,58002,10006,0
804,803000,55605,11090,52553,13739,58001,10005,0
805,804000,55605,11090,52553,13740,58001,10005,0
806,805000,55605,11090,52553,13741,58001,10004,0
807,806000,55605,11090,52553,13741,58002,10003,0
808,807000,55605,11090,52553,13741,58002,10003,0
809,808000,55605,11090,52553,13741,58002,10002,0
810,809000,55605,11090,52553,13740,58003,10002,0
811,810000,55605,11090,52553,13739,58004,10002,0
812,811000,55605,11090,52554,13738,58004,10003,0
813,812000,55605,11090,52554,13737,58004,10003,0
814,813000,55605,11090,52554,13735,58005,10004,0
815,814000,55605,11090,52553,13735,58005,10004,0
816,815000,55605,11090,52553,13734,58005,10005,0
817,816000,55605,11090,52553,13733,58005,10006,0
818,817000,55605,11090,52553,13733,58004,10006,0
819,818000,55605,11090,52553,13734,58004,10007,0
820,819000,55605,11090,52553,13734,58003,10007,0
821,820000,55605,11090,52553,13735,58003,10007,0
822,821000,55605,11090,52553,13737,58002,10006,0
823,822000,55605,11090,52553,13738,58002,10006,0
824,823000,55605,11090,52553,13739,58001,10005,0
825,824000,55605,11090,52553,13740,58001,10005,0
826,825000,55605,11090,52553,13741,58001,10004,0
827,826000,55605,11090,52553,13741,58002,10003,0
828,827000,55605,11090,52553,13741,58002,10003,0
829,828000,55605,11090,52553,13741,58002,10002,0
830,829000,55605,11090,52553,13740,58003,10002,0
831,830000,55605,11090,52553,13739,58003,10002,0
832,831000,55605,11090,52554,13738,58004,10003,0
833,832000,55605,11090,52554,13737,58004,10003,0
834,833000,55605,11090,52554,13735,58005,10004,0
835,834000,55605,11090,52553,13735,58005,10004,0
836,835000,55605,11090,52553,13734,58005,10005,0
837,836000,55605,11090,52553,13733,58005,10006,0
838,837000,55605,11090,52553,13733,58004,10006,0
839,838000,55605,11090,52553,13734,58004,10007,0
840,839000,55605,11090,52553,13734,58003,10007,0
841,840000,55605,11090,52553,13735,58003,10007,0
842,841000,55605,11090,52553,13736,58002,10006,0
843,842000,55605,11090,52553,13738,58002,10006,0
844,843000,55605,11090,52553,13739,58001,10005,0
845,844000,55605,11090,52553,13740,58001,10005,0
846,845000,55605,11090,52553,13741,58001,10004,0
847,846000,55605,11090,52553,13741,58002,10003,0
848,847000,55605,11090,52553,13741,58002,10003,0
849,848000,55605,11090,52553,13741,58002,10002,0
850,849000,55605,11090,52553,13740,58003,10002,0
851,850000,55605,11090,52553,13739,58004,10002,0
852,851000,55605,11090,52554,13738,58004,10003,0
853,852000,55605,11090,52554,13737,58004,10003,0
854,853000,55605,11090,52554,13736,58005,10004,0
855,854000,55605,11090,52553,13735,58005,10004,0
856,855000,55605,11090,52553,13734,58005,10005,0
857,856000,55605,11090,52553,13733,58005,10006,0
858,857000,55605,11090,52553,13733,58004,10006,0
859,858000,55605,11090,52553,13734,58004,10007,0
860,859000,55605,11090,52553,13734,58003,10007,0
861,860000,55605,11090,52553,13735,58003,10007,0
862,861000,55605,11090,52553,13736,58002,10006,0
863,862000,55605,11090,52553,13738,58002,10006,0
864,863000,55605,11090,52553,13739,58001,10005,0
865,864000,55605,11090,52553,13740,58001,10005,0
866,865000,55605,11090,52553,13741,58001,10004,0
867,866000,55605,11090,52553,13741,58002,10003,0
868,867000,55605,11090,52553,13741,58002,10003,0
869,868000,55605,11090,52553,13741,58002,10002,0
870,869000,55605,11090,52553,13740,58003,10002,0
871,870000,55605,11090,52553,13739,58003,10002,0
872,871000,55605,11090,52554,13738,58004,10003,0
873,872000,55605,11090,52554,13737,58004,10003,0
874,873000,55605,11090,52554,13736,58005,10004,0
875,874000,55605,11090,52553,13735,58005,10004,0
876,875000,55605,11090,52553,13734,58005,10005,0
877,876000,55605,11090,52553,13733,58005,10006,0
878,877000,55605,11090,52553,13733,58004,10006,0
879,878000,55605,11090,52553,13734,58004,10007,0
880,879000,55605,11090,52553,13734,58003,10007,0
881,880000,55605,11090,52553,13735,58003,10007,0
882,881000,55605,11090,52553,13736,58002,10006,0
883,882000,55605,11090,52553,13738,58002,10006,0
884,883000,55605,11090,52553,13739,58002,10005,0
885,884000,55605,11090,52553,13740,58001,10005,0
886,885000,55605,11090,52553,13741,58001,10004,0
887,886000,55605,11090,52553,13741,58002,10003,0
888,887000,55605,11090,52553,13741,58002,10003,0
889,888000,55605,11090,52553,13741,58002,10002,0
890,889000,55605,11090,52553,13740,58003,10002,0
891,890000,55605,11090,52553,13739,58003,10002,0
892,891000,55605,11090,52554,13738,58004,10003,0
893,892000,55605,11090,52554,13737,58004,10003,0
894,893000,55605,11090,52554,13736,58005,10004,0
895,894000,55605,11090,52553,13735,58005,10004,0
896,895000,55605,11090,52553,13734,58005,10005,0
897,896000,55605,11090,52553,13733,58004,10006,0
898,897000,55605,11090,52553,13733,58004,10006,0
899,898000,55605,11090,52553,13734,58004,10007,0
900,899000,55605,11090,52553,13734,58003,10007,0
901,900000,55605,11090,52553,13735,58003,10007,0
902,901000,55605,11090,52553,13736,58002,10006,0
903,902000,55605,11090,52553,13738,58002,10006,0
904,903000,55605,11090,52553,13739,58001,10005,0
905,904000,55605,11090,52553,13740,58001,10005,0
906,905000,55605,11090,52553,13741,58001,10004,0
907,906000,55605,11090,52553,13741,58002,10003,0
908,907000,55605,11090,52553,13741,58002,10003,0
909,908000,55605,11090,52553,13741,58002,10002,0
910,909000,55605,11090,52553,13740,58003,10002,0
911,910000,55605,11090,52553,13739,58003,10002,0
912,911000,55605,11090,52554,13738,58004,10003,0
913,912000,55605,11090,52554,13737,58004,10003,0
914,913000,55605,11090,52554,13736,58005,10004,0
915,914000,55605,11090,52553,13735,58005,10004,0
916,915000,55605,11090,52553,13734,58005,10005,0
917,916000,55605,11090,52553,13733,58004,10006,0
918,917000,55605,11090,52553,13733,58004,10006,0
919,918000,55605,11090,52553,13734,58004,10007,0
920,919000,55605,11090,52553,13734,58003,10007,0
921,920000,55605,11090,52553,13735,58003,10007,0
922,921000,55605,11090,52553,13737,58002,10006,0
923,922000,55605,11090,52553,13738,58002,10006,0
924,923000,55605,11090,52553,13739,58001,10005,0
925,924000,55605,11090,52553,13740,58001,10005,0
926,925000,55605,11090,52553,13741,58001,10004,0
927,926000,55605,11090,52553,13741,58002,10003,0
928,927000,55605,11090,52553,13741,58002,10003,0
929,928000,55605,11090,52553,13741,58002,10003,0
930,929000,55605,11090,52553,13740,58003,10002,0
931,930000,55605,11090,52553,13739,58003,10002,0
932,931000,55605,11090,52554,13738,58004,10003,0
933,932000,55605,11090,52554,13737,58004,10003,0
934,933000,55605,11090,52554,13736,58005,10004,0
935,934000,55605,11090,52553,13735,58005,10004,0
936,935000,55605,11090,52553,13734,58005,10005,0
937,936000,55605,11090,52553,13734,58005,10006,0
938,937000,55605,11090,52553,13733,58004,10006,0
939,938000,55605,11090,52553,13734,58004,10007,0
940,939000,55605,11090,52553,13734,58003,10007,0
941,940000,55605,11090,52553,13735,58003,10007,0
942,941000,55605,11090,52553,13737,58002,10006,0
943,942000,55605,11090,52553,13738,58002,10006,0
944,943000,55605,11090,52553,13739,58001,10005,0
945,944000,55605,11090,52553,13740,58001,10005,0
946,945000,55605,11090,52553,13741,58001,10004,0
947,946000,55605,11090,52553,13741,58002,10003,0
948,947000,55605,11090,52553,13741,58002,10003,0
949,948000,55605,11090,52553,13741,58002,10002,0
950,949000,55605,11090,52553,13740,58003,10002,0
951,950000,55605,11090,52553,13739,58003,10002,0
952,951000,55605,11090,52554,13738,58004,10003,0
953,952000,55605,11090,52554,13737,58004,10003,0
954,953000,55605,11090,52554,13736,58005,10004,0
955,954000,55605,11090,52553,13735,58005,10004,0
956,955000,55605,11090,52553,13734,58005,10005,0
957,956000,55605,11090,52553,13734,58005,10006,0
958,957000,55605,11090,52553,13733,58004,10006,0
959,958000,55605,11090,52553,13734,58004,10007,0
960,959000,55605,11090,52553,13734,58003,10007,0
961,960000,55605,11090,52553,13735,58003,10007,0
962,961000,55605,11090,52553,13737,58002,10006,0
963,962000,55605,11090,52553,13738,58002,10006,0
964,963000,55605,11090,52553,13739,58001,10005,0
965,964000,55605,11090,52553,13740,58001,10005,0
966,965000,55605,11090,52553,13741,58001,10004,0
967,966000,55605,11090,52553,13741,58002,10003,0
968,967000,55605,11090,52553,13741,58002,10003,0
969,968000,55605,11090,52553,13741,58002,10002,0
970,969000,55605,11090,52553,13740,58003,10002,0
971,970000,55605,11090,52553,13739,58003,10002,0
972,971000,55605,11090,52554,13738,58004,10003,0
973,972000,55605,11090,52554,13737,58004,10003,0
974,973000,55605,11090,52554,13736,58005,10004,0
975,974000,55605,11090,52553,13735,58005,10005,0
976,975000,55605,11090,52553,13734,58005,10005,0
977,976000,55605,11090,52553,13733,58004,10006,0
978,977000,55605,11090,52553,13733,58004,10006,0
979,978000,55605,11090,52553,13734,58004,10007,0
980,979000,55605,11090,52553,13734,58003,10007,0
981,980000,55605,11090,52553,13735,58003,10007,0
982,981000,55605,11090,52553,13737,58002,10006,0
983,982000,55605,11090,52553,13738,58002,10006,0
984,983000,55605,11090,52553,13739,58001,10005,0
985,984000,55605,11090,52553,13740,58001,10005,0
986,985000,55605,11090,52553,13741,58001,10004,0
987,986000,55605,11090,52553,13741,58002,10003,0
988,987000,55605,11090,52553,13741,58002,10003,0
989,988000,55605,11090,52553,13741,58002,10003,0
990,989000,55605,11090,52553,13740,58003,10002,0
991,990000,55605,11090,52553,13739,58003,10002,0
992,991000,55605,11090,52554,13738,58004,10003,0
993,992000,55605,11090,52554,13737,58004,10003,0
994,993000,55605,11090,52554,13736,58005,10004,0
995,994000,55605,11090,52553,13735,58005,10005,0
996,995000,55605,11090,52553,13734,58005,10005,0
997,996000,55605,11090,52553,13733,58004,10006,0
998,997000,55605,11090,52553,13733,58004,10006,0
999,998000,55605,11090,52553,13734,58004,10007,0
1000,999000,55605,11090,52553,13734,58003,10007,0
1001,1000000,55605,11090,52553,13735,58003,10007,0
1002,1001000,55937,11103,51917,1533,60080,17479,0
1003,1002000,55865,11121,51828,3089,57680,19488,0
1004,1003000,55766,11136,51728,5665,55295,20548,0
1005,1004000,55635,11177,51344,8985,53146,20527,0
1006,1005000,54075,13726,41616,13001,51751,19300,0
1007,1006000,50826,25572,6328,17375,51463,15987,0
1008,1007000,47221,40851,0,21367,51764,13162,0
1009,1008000,43635,52425,21368,22998,51660,9965,0
1010,1009000,41007,61167,27818,25175,52832,7961,0
1011,1010000,28782,65535,29047,26016,54500,5424,0
1012,1011000,10932,64012,36698,24730,56781,2862,0
1013,1012000,2590,55402,44350,23119,58994,1618,0
1014,1013000,0,41459,51195,20340,60530,408,0
1015,1014000,1984,24081,57066,18185,62160,466,0
1016,1015000,8395,12852,61792,14836,62961,1706,0
1017,1016000,19583,10346,61639,11324,63842,3832,0
1018,1017000,38947,9915,57020,8329,64387,5740,0
1019,1018000,56206,9596,52730,5651,64451,8168,0
1020,1019000,56802,9595,52281,2445,63822,10720,0
1021,1020000,56978,9620,52171,1221,62373,14073,0
1022,1021000,56785,9625,51786,1733,60444,17294,0
1023,1022000,56608,9644,51570,2876,57653,18970,0
1024,1023000,56737,9693,51813,5272,55101,20232,0
1025,1024000,56867,9760,51866,8475,53110,20275,0
1026,1025000,55959,11392,46534,12727,51687,19101,0
1027,1026000,52369,22178,15158,17243,51479,16077,0
1028,1027000,48802,37505,7229,20851,51755,13123,0
1029,1028000,45374,48902,24953,22931,51799,10318,0
1030,1029000,42863,57819,29024,24953,52781,7975,0
1031,1030000,33909,61958,29007,25135,53835,4646,0
1032,1031000,15031,60779,36833,24596,56558,2796,0
1033,1032000,6246,52505,44685,22411,58543,1162,0
1034,1033000,3434,38798,51411,20509,60545,733,0
1035,1034000,5333,21927,57247,18121,62089,618,0
1036,1035000,11874,11115,61949,15090,63127,1996,0
1037,1036000,23159,9058,61269,11360,63833,3691,0
1038,1037000,42894,8621,56578,8263,64255,5489,0
1039,1038000,57271,8343,52869,5445,64226,7921,0
1040,1039000,57760,8351,52457,3004,64103,11203,0
1041,1040000,57913,8381,52331,1234,62375,14060,0
1042,1041000,57745,8394,51990,1423,60215,16896,0
1043,1042000,57594,8422,51817,2971,57649,18895,0
1044,1043000,57674,8473,52000,5346,55127,20134,0
1045,1044000,57793,8543,52075,8533,53150,20171,0
1046,1045000,57288,9634,48514,12617,51600,19040,0
1047,1046000,53650,19958,19371,17147,51446,16205,0
1048,1047000,50070,35745,10695,20783,51752,13184,0
1049,1048000,46757,46806,27146,23276,52091,10662,0
1050,1049000,44355,55502,29903,24753,52719,7742,0
1051,1050000,37367,59399,29395,25755,54176,5115,0
1052,1051000,18086,58302,37148,24524,56458,2751,0
1053,1052000,9027,50110,45028,22442,58563,1230,0
1054,1053000,6139,36479,51721,20449,60524,814,0
1055,1054000,8123,19935,57611,18223,62209,856,0
1056,1055000,14817,9529,62232,15056,63131,2019,0
1057,1056000,26221,7945,60998,11222,63789,3503,0
1058,1057000,46440,7496,56216,8667,64509,5773,0
1059,1058000,58249,7261,53059,5586,64348,8122,0
1060,1059000,58623,7271,52623,2528,63820,10897,0
1061,1060000,58697,7299,52401,1240,62355,14082,0
1062,1061000,58583,7324,52149,1276,60067,16736,0
1063,1062000,58455,7361,52015,3372,57819,19177,0
1064,1063000,58520,7416,52186,6000,55457,20590,0
1065,1064000,58620,7488,52257,9197,53495,20599,0
1066,1065000,58302,8229,49458,12687,51567,19056,0
1067,1066000,54800,18252,22100,17316,51529,16436,0
1068,1067000,51214,34086,13127,20772,51752,13195,0
1069,1068000,47857,45533,28562,23069,52015,10391,0
1070,1069000,45647,53656,30666,24980,52876,7820,0
1071,1070000,40039,57367,29907,25989,54288,5250,0
1072,1071000,20580,56240,37520,24837,56615,3002,0
1073,1072000,11355,48030,45403,22979,58919,1688,0
1074,1073000,8456,34387,52109,20598,60644,1010,0
1075,1074000,10521,18082,58008,17565,61861,428,0
1076,1075000,17394,8140,62556,14846,63058,1932,0
1077,1076000,28984,6969,60743,11240,63882,3481,0
1078,1077000,49681,6507,55859,8271,64293,5430,0
1079,1078000,59127,6319,53275,5403,64303,8094,0
1080,1079000,59386,6328,52769,2670,63940,11161,0
1081,1080000,59385,6352,52453,1791,62686,14625,0
1082,1081000,59322,6389,52287,1883,60378,17258,0
1083,1082000,59228,6435,52212,3282,57675,19085,0
1084,1083000,59278,6494,52369,5684,55181,20262,0
1085,1084000,59355,6568,52421,8905,53234,20229,0
1086,1085000,59117,7091,49979,12824,51570,19089,0
1087,1086000,55821,16852,23998,17139,51362,16328,0
1088,1087000,52233,32701,15023,20413,51499,12871,0
1089,1088000,48782,44879,29562,23237,52132,10423,0
1090,1089000,46759,52169,31298,24933,52849,7653,0
1091,1090000,42159,55658,30460,26214,54413,5376,0
1092,1091000,22684,54448,37908,24660,56504,2817,0
1093,1092000,13350,46187,45811,22744,58815,1482,0
1094,1093000,10470,32489,52535,20550,60662,1026,0
1095,1094000,12635,16381,58434,17863,62118,797,0
1096,1095000,19690,6971,62872,14960,63200,2127,0
1097,1096000,31500,6113,60523,11480,64130,3668,0
1098,1097000,52600,5636,55529,8432,64432,5590,0
1099,1098000,59890,5493,53466,5591,64499,8398,0
1100,1099000,60068,5502,52917,2291,63756,11005,0
1101,1100000,60013,5523,52532,1750,62662,14693,0
1102,1101000,59964,5567,52399,2096,60450,17467,0
1103,1102000,59924,5625,52413,3334,57614,19135,0
1104,1103000,59973,5689,52575,5750,55130,20276,0
1105,1104000,60011,5761,52581,9193,53316,20361,0
1106,1105000,59813,6155,50316,13150,51683,19268,0
1107,1106000,56724,15666,25359,17179,51315,16360,0
1108,1107000,53142,31547,16538,20460,51479,12859,0
1109,1108000,49679,43817,30538,23194,52090,10280,0
1110,1109000,47677,51209,31722,25184,53012,7704,0
1111,1110000,43874,54207,31061,26251,54430,5321,0
1112,1111000,24509,52883,38361,24687,56511,2784,0
1113,1112000,15081,44527,46222,22636,58784,1372,0
1114,1113000,12231,30761,52952,19931,60336,536,0
1115,1114000,14505,14827,58854,17592,62028,662,0
1116,1115000,21727,6035,63130,14715,63131,2003,0
1117,1116000,33789,5360,60337,11423,64196,3624,0
1118,1117000,55144,4869,55261,8197,64345,5421,0
1119,1118000,60548,4766,53629,5485,64518,8461,0
1120,1119000,60709,4781,53116,2726,64068,11548,0
1121,1120000,60591,4797,52644,1120,62285,14282,0
1122,1121000,60546,4846,52529,1145,59814,16708,0
1123,1122000,60555,4915,52627,3443,57591,19250,0
1124,1123000,60589,4982,52771,6196,55313,20623,0
1125,1124000,60595,5053,52734,9669,53505,20673,0
1126,1125000,60418,5370,50556,13281,51675,19290,0
1127,1126000,57534,14636,26353,17422,51387,16543,0
1128,1127000,53963,30566,17755,20706,51574,13007,0
1129,1128000,50480,42803,31353,23139,52032,10125,0
1130,1129000,48509,50392,32153,24862,52810,7278,0
1131,1130000,45279,52987,31630,25903,54218,4931,0
1132,1131000,26098,51498,38787,24708,56520,2753,0
1133,1132000,16598,43042,46625,22336,58637,1096,0
1134,1133000,13788,29204,53382,20081,60480,698,0
1135,1134000,16167,13427,59282,17709,62175,849,0
1136,1135000,23498,5283,63253,14856,63314,2180,0
1137,1136000,35863,4698,60189,11268,64202,3504,0
1138,1137000,57236,4198,55094,8530,64615,5742,0
1139,1138000,61115,4125,53767,5286,64483,8433,0
1140,1139000,61304,4151,53348,2205,63793,11270,0
1141,1140000,61121,4160,52783,1833,62733,15015,0
1142,1141000,61087,4215,52694,1722,60121,17262,0
1143,1142000,61112,4291,52825,3570,57589,19389,0
1144,1143000,61137,4360,52960,6250,55264,20646,0
1145,1144000,61122,4432,52896,8986,52983,20019,0
1146,1145000,60946,4698,50732,13550,51752,19444,0
1147,1146000,58269,13717,27075,17094,51098,16244,0
1148,1147000,54706,29703,18697,20574,51425,12838,0
1149,1148000,51197,41899,32024,23141,51997,10023,0
1150,1149000,49286,49469,32638,25118,52947,7360,0
1151,1150000,46465,51933,32178,25559,54003,4543,0
1152,1151000,27501,50300,39188,24745,56537,2698,0
1153,1152000,17933,41731,47004,22486,58755,1172,0
1154,1153000,15167,27818,53809,20438,60744,1008,0
1155,1154000,17638,12182,59706,17460,62085,696,0
1156,1155000,25023,4654,63278,14650,63281,2033,0
1157,1156000,37719,4116,60080,11120,64206,3379,0
1158,1157000,58822,3611,55003,8092,64416,5411,0
1159,1158000,61629,3563,53927,5188,64514,8474,0
1160,1159000,61837,3598,53578,2121,63790,11346,0
1161,1160000,61611,3603,52951,1196,62362,14600,0
1162,1161000,61579,3662,52875,1710,60081,17328,0
1163,1162000,61597,3741,53000,3320,57374,19227,0
1164,1163000,61633,3815,53156,6480,55338,20837,0
1165,1164000,61594,3886,53059,9440,53170,20353,0
1166,1165000,61418,4117,50885,13468,51622,19327,0
1167,1166000,58947,12874,27593,17147,51040,16278,0
1168,1167000,55382,28920,19359,20631,51388,12840,0
1169,1168000,51848,41091,32577,23383,52105,10138,0
1170,1169000,49982,48626,33090,25371,53076,7457,0
1171,1170000,47495,51021,32694,26370,54486,5142,0
1172,1171000,28763,49268,39552,24597,56426,2488,0
1173,1172000,19116,40596,47354,22502,58777,1128,0
1174,1173000,16383,26612,54223,20231,60649,825,0
1175,1174000,18929,11095,60125,17610,62226,862,0
1176,1175000,26343,4119,63297,14553,63309,1954,0
1177,1176000,39350,3606,60016,11173,64327,3412,0
1178,1177000,59965,3097,54985,8038,64459,5399,0
1179,1178000,62105,3072,54122,5001,64490,8421,0
1180,1179000,62302,3111,53785,2136,63854,11489,0
1181,1180000,62064,3116,53144,1517,62591,14990,0
1182,1181000,62019,3175,53053,1300,59816,17064,0
1183,1182000,62025,3256,53164,3702,57566,19614,0
1184,1183000,62082,3337,53360,6115,55069,20541,0
1185,1184000,62019,3406,53227,9489,53128,20371,0
1186,1185000,61850,3612,51042,13417,51524,19262,0
1187,1186000,59580,12071,27956,17384,51100,16484,0
1188,1187000,56003,28183,19737,20491,51230,12689,0
1189,1188000,52444,40360,33025,23527,52150,10183,0
1190,1189000,50602,47876,33505,25237,52961,7241,0
1191,1190000,48402,50238,33168,26225,54373,4934,0
1192,1191000,29926,48390,39870,25032,56662,2771,0
1193,1192000,20172,39637,47668,22663,58873,1195,0
1194,1193000,17454,25594,54620,20230,60668,800,0
1195,1194000,20050,10166,60531,17778,62364,1019,0
1196,1195000,27479,3662,63359,14666,63453,2026,0
1197,1196000,40747,3158,60000,11142,64386,3355,0
1198,1197000,60798,2649,55042,8372,64741,5702,0
1199,1198000,62540,2641,54337,5114,64645,8599,0
1200,1199000,62707,2680,53973,2350,64043,11779,0
1201,1200000,62481,2688,53356,1065,62360,14715,0
1202,1201000,62408,2745,53222,1741,60095,17527,0
1203,1202000,62411,2829,53332,3682,57536,19674,0
1204,1203000,62486,2916,53563,6116,55045,20574,0
1205,1204000,62403,2983,53401,9322,52974,20236,0
1206,1205000,62248,3170,51214,13591,51580,19420,0
1207,1206000,60178,11282,28209,17223,50912,16391,0
1208,1207000,56582,27465,19849,21303,51649,13376,0
1209,1208000,52996,39681,33370,23588,52136,10181,0
1210,1209000,51158,47206,33892,24908,52716,6879,0
1211,1210000,49210,49568,33597,25699,54011,4412,0
1212,1211000,31023,47654,40139,24909,56527,2572,0
1213,1212000,21124,38853,47943,22964,59031,1363,0
1214,1213000,18395,24763,54991,20251,60679,767,0
1215,1214000,21013,9391,60920,17198,62026,511,0
1216,1215000,28438,3269,63467,14753,63565,2042,0
1217,1216000,41908,2766,60034,11032,64386,3204,0
1218,1217000,61431,2258,55162,7948,64558,5337,0
1219,1218000,62930,2261,54556,4906,64599,8473,0
1220,1219000,63065,2298,54154,1802,63772,11396,0
1221,1220000,62860,2311,53574,1376,62615,15076,0
1222,1221000,62753,2365,53386,1782,60156,17653,0
1223,1222000,62763,2453,53511,3929,57698,19973,0
1224,1223000,62848,2544,53763,6286,55149,20774,0
1225,1224000,62752,2610,53583,9129,52830,20111,0
1226,1225000,62611,2783,51403,13488,51486,19377,0
1227,1226000,60750,10487,28405,17814,51200,16959,0
1228,1227000,57131,26743,19725,20757,51246,12930,0
1229,1228000,53510,39036,33611,23519,52046,10089,0
1230,1229000,51662,46604,34263,25440,52994,7267,0
1231,1230000,49929,48995,33983,25947,54111,4554,0
1232,1231000,32083,47049,40357,24993,56496,2544,0
1233,1232000,21993,38235,48181,23115,59073,1390,0
1234,1233000,19223,24113,55331,20483,60799,893,0
1235,1234000,21832,8762,61291,17792,62388,974,0
1236,1235000,29228,2931,63609,14475,63437,1721,0
1237,1236000,42841,2424,60119,11131,64500,3206,0
1238,1237000,61933,1916,55325,8307,64846,5611,0
1239,1238000,63277,1926,54773,4906,64673,8493,0
1240,1239000,63386,1961,54340,2031,63980,11649,0
1241,1240000,63201,1978,53790,915,62412,14770,0
1242,1241000,63065,2029,53556,1134,59821,17199,0
1243,1242000,63084,2121,53700,3580,57523,19778,0
1244,1243000,63170,2215,53958,6051,55029,20651,0
1245,1244000,63069,2282,53773,9294,52929,20322,0
1246,1245000,62941,2442,51613,13249,51326,19251,0
1247,1246000,61302,9677,28591,17809,51124,17070,0
1248,1247000,57657,26006,19410,21160,51420,13326,0
1249,1248000,53995,38411,33747,23479,51968,10048,0
1250,1249000,52125,46055,34632,25389,52908,7185,0
1251,1250000,50569,48503,34334,26199,54198,4709,0
1252,1251000,33127,46557,40527,24894,56336,2362,0
1253,1252000,22802,37769,48389,22920,58885,1113,0
1254,1253000,19954,23626,55635,20538,60797,850,0
1255,1254000,22525,8265,61642,17634,62275,776,0
1256,1255000,29866,2638,63776,14699,63598,1798,0
1257,1256000,43567,2126,60252,11151,64553,3116,0
1258,1257000,62342,1615,55517,7914,64665,5217,0
1259,1258000,63586,1629,54989,4490,64486,8127,0
1260,1259000,63677,1663,54533,1693,63842,11392,0
1261,1260000,63505,1682,54001,452,62221,14448,0
1262,1261000,63351,1732,53736,1339,60032,17466,0
1263,1262000,63377,1828,53895,3599,57599,19902,0
1264,1263000,63459,1923,54150,5989,55038,20692,0
1265,1264000,63359,1991,53971,9053,52801,20214,0
1266,1265000,63239,2141,51845,13265,51341,19369,0
1267,1266000,61836,8850,28814,17593,50935,17026,0
1268,1267000,58167,25246,18966,20588,51007,12916,0
1269,1268000,54455,37795,33774,23574,51975,10141,0
1270,1269000,52558,45549,35013,25716,53052,7442,0
1271,1270000,51139,48076,34669,25874,53924,4385,0
1272,1271000,34170,46155,40653,25007,56275,2350,0
1273,1272000,23568,37435,48578,22879,58763,950,0
1274,1273000,20606,23279,55900,20227,60550,478,0
1275,1274000,23115,7884,61971,17686,62270,736,0
1276,1275000,30377,2384,63961,14604,63544,1585,0
1277,1276000,44116,1867,60425,10996,64484,2854,0
1278,1277000,62683,1351,55728,8305,64954,5465,0
1279,1278000,63860,1366,55204,4762,64712,8317,0
1280,1279000,63942,1400,54733,2230,64239,11855,0
1281,1280000,63776,1421,54209,758,62511,14766,0
1282,1281000,63613,1469,53927,1727,60375,17886,0
1283,1282000,63644,1569,54096,2835,57217,19366,0
1284,1283000,63717,1665,54341,5718,54938,20571,0
1285,1284000,63624,1735,54177,8985,52801,20273,0
1286,1285000,63509,1875,52102,13311,51391,19537,0
1287,1286000,62346,8014,29112,17358,50743,17001,0
1288,1287000,58661,24462,18460,20771,51059,13178,0
1289,1288000,54896,37183,33695,23371,51800,10005,0
1290,1289000,52966,45071,35410,25652,52954,7387,0
1291,1290000,51650,47697,35003,26703,54349,5051,0
1292,1291000,35218,45816,40738,25409,56379,2599,0
1293,1292000,24308,37204,48760,23227,58867,1123,0
1294,1293000,21195,23040,56125,20500,60650,596,0
1295,1294000,23624,7596,62275,17941,62378,861,0
1296,1295000,30790,2164,64163,14811,63660,1617,0
1297,1296000,44526,1641,60626,11527,64822,3158,0
1298,1297000,62973,1120,55956,8132,64889,5212,0
1299,1298000,64102,1133,55415,4471,64586,8003,0
1300,1299000,64182,1168,54941,1961,64140,11609,0
1301,1300000,64018,1189,54413,875,62691,14907,0
1302,1301000,63852,1238,54125,1438,60317,17722,0
1303,1302000,63887,1341,54302,3314,57611,19882,0
1304,1303000,63950,1437,54532,5630,54963,20610,0
1305,1304000,63867,1509,54392,9096,52926,20494,0
1306,1305000,63752,1642,52383,13477,51528,19818,0
1307,1306000,62827,7181,29513,17688,50910,17469,0
1308,1307000,59134,23659,17967,20943,51112,13447,0
1309,1308000,55319,36574,33528,23408,51774,10086,0
1310,1309000,53349,44609,35819,25869,53031,7586,0
1311,1310000,52111,47349,35349,25989,53830,4419,0
1312,1311000,36270,45514,40786,25917,56539,2925,0
1313,1312000,25030,37040,48930,23104,58671,887,0
1314,1313000,21741,22880,56320,20588,60631,548,0
1315,1314000,24073,7378,62547,18207,62479,985,0
1316,1315000,31140,1975,64379,14740,63591,1405,0
1317,1316000,44837,1446,60840,11203,64625,2727,0
1318,1317000,63226,918,56196,8162,64938,5118,0
1319,1318000,64319,928,55627,4671,64754,8090,0
1320,1319000,64399,964,55151,2278,64392,11846,0
1321,1320000,64236,986,54620,420,62520,14551,0
1322,1321000,64068,1034,54323,1533,60500,17877,0
1323,1322000,64109,1140,54513,3264,57688,19945,0
1324,1323000,64160,1236,54726,5538,54994,20645,0
1325,1324000,64088,1311,54612,9201,53057,20713,0
1326,1325000,63972,1436,52684,13107,51345,19651,0
1327,1326000,63274,6370,30034,16852,50379,16956,0
1328,1327000,59584,22849,17555,20914,51051,13557,0
1329,1328000,55723,35970,33306,23643,51874,10345,0
1330,1329000,53702,44150,36219,25310,52637,7139,0
1331,1330000,52527,47014,35706,26808,54252,5097,0
1332,1331000,37320,45223,40808,25937,56404,2851,0
1333,1332000,25736,36909,49089,23265,58649,903,0
1334,1333000,22260,22765,56496,20867,60727,668,0
1335,1334000,24485,7204,62785,17894,62224,625,0
1336,1335000,31456,1814,64601,14718,63547,1240,0
1337,1336000,45093,1275,61051,11171,64601,2543,0
1338,1337000,63452,742,56441,8581,65220,5351,0
1339,1338000,64512,748,55838,4781,64861,8093,0
1340,1339000,64593,785,55360,2219,64407,11754,0
1341,1340000,64435,808,54831,358,62583,14516,0
1342,1341000,64259,854,54515,673,60095,17210,0
1343,1342000,64311,965,54725,3251,57786,20030,0
1344,1343000,64350,1060,54921,5832,55263,21002,0
1345,1344000,64289,1138,54832,8922,52956,20601,0
1346,1345000,64169,1258,52997,13169,51430,19847,0
1347,1346000,63686,5602,30688,17166,50556,17424,0
1348,1347000,60003,22048,17278,20687,50871,13510,0
1349,1348000,56107,35376,33078,23500,51744,10294,0
1350,1349000,54020,43687,36595,25899,52947,7677,0
1351,1350000,52900,46678,36067,26467,53969,4799,0
1352,1351000,38355,44928,40820,26243,56448,3020,0
1353,1352000,26426,36777,49231,23231,58510,757,0
1354,1353000,22764,22665,56669,20565,60470,301,0
1355,1354000,24877,7049,62991,17962,62205,594,0
1356,1355000,31762,1676,64820,14789,63558,1164,0
1357,1356000,45335,1127,61253,11715,64925,2855,0
1358,1357000,63653,590,56679,8232,65028,4934,0
1359,1358000,64687,593,56048,4990,65024,8180,0
1360,1359000,64764,629,55563,2071,64358,11580,0
1361,1360000,64615,654,55043,691,62875,14808,0
1362,1361000,64426,697,54701,1169,60510,17682,0
1363,1362000,64491,813,54934,3129,57810,20009,0
1364,1363000,64521,908,55117,5173,54943,20537,0
1365,1364000,64467,987,55047,9227,53208,20971,0
1366,1365000,64346,1103,53310,12804,51253,19669,0
1367,1366000,64065,4898,31468,17288,50631,17705,0
1368,1367000,60386,21275,17175,20457,50701,13451,0
1369,1368000,56464,34801,32898,23392,51643,10267,0
1370,1369000,54306,43225,36953,25907,52909,7723,0
1371,1370000,53232,46332,36423,26695,54046,4989,0
1372,1371000,39361,44615,40842,25383,55786,2220,0
1373,1372000,27090,36617,49352,23523,58575,909,0
1374,1373000,23260,22554,56849,21024,60682,597,0
1375,1374000,25263,6893,63169,18023,62183,573,0
1376,1375000,32076,1557,65020,14998,63653,1222,0
1377,1376000,45599,1000,61441,11390,64715,2444,0
1378,1377000,63834,458,56898,8266,65065,4854,0
1379,1378000,64844,459,56257,4526,64769,7703,0
1380,1379000,64914,495,55757,2266,64507,11698,0
1381,1380000,64777,521,55252,456,62807,14612,0
1382,1381000,64570,562,54877,1485,60800,17990,0
1383,1382000,64648,681,55134,2527,57527,19566,0
1384,1383000,64674,778,55311,5102,54973,20554,0
1385,1384000,64623,858,55253,8774,52989,20680,0
1386,1385000,64501,970,53613,12976,51402,19928,0
1387,1386000,64407,4271,32346,17030,50470,17658,0
1388,1387000,60729,20549,17264,20806,50885,13879,0
1389,1388000,56787,34250,32810,23215,51502,10183,0
1390,1389000,54567,42770,37305,25526,52639,7441,0
1391,1390000,53525,45972,36767,26146,53658,4523,0
1392,1391000,40323,44281,40892,25468,55723,2235,0
1393,1392000,27728,36413,49464,23558,58501,860,0
1394,1393000,23752,22408,57035,20699,60428,247,0
1395,1394000,25655,6721,63332,18071,62165,556,0
1396,1395000,32412,1455,65192,15291,63808,1371,0
1397,1396000,45912,891,61610,11729,64915,2614,0
1398,1397000,64000,345,57095,8102,64981,4621,0
1399,1398000,64982,346,56457,4634,64863,7725,0
1400,1399000,65044,381,55943,1886,64296,11334,0
1401,1400000,64919,410,55454,809,63081,14911,0
1402,1401000,64695,446,55045,663,60374,17321,0
1403,1402000,64784,570,55322,3071,57928,20078,0
1404,1403000,64809,667,55500,5240,55118,20727,0
1405,1404000,64757,747,55447,9107,53239,21031,0
1406,1405000,64636,858,53898,12777,51316,19849,0
1407,1406000,64706,3730,33279,16973,50446,17740,0
1408,1407000,61029,19886,17547,20775,50847,13958,0
1409,1408000,57071,33732,32852,23375,51579,10370,0
1410,1409000,54809,42331,37664,25914,52851,7799,0
1411,1410000,53784,45598,37101,26167,53635,4538,0
1412,1411000,41224,43922,40979,26122,56017,2741,0
1413,1412000,28336,36159,49581,23967,58663,1145,0
1414,1413000,24236,22210,57224,20940,60526,396,0
1415,1414000,26062,6523,63491,18109,62147,549,0
1416,1415000,32777,1367,65331,14996,63608,1042,0
1417,1416000,46290,799,61754,11191,64580,2065,0
1418,1417000,64156,250,57271,8699,65361,5056,0
1419,1418000,65101,252,56642,5025,65127,8007,0
1420,1419000,65157,286,56120,1795,64252,11227,0
1421,1420000,65042,317,55644,401,62874,14566,0
1422,1421000,64801,349,55205,431,60289,17145,0
1423,1422000,64899,476,55498,2453,57599,19589,0
1424,1423000,64925,575,55679,5587,55374,21056,0
1425,1424000,64873,656,55629,9073,53249,21046,0
1426,1425000,64751,764,54159,13074,51525,20164,0
1427,1426000,64963,3294,34232,16639,50251,17561,0
1428,1427000,61284,19297,18007,20749,50812,14029,0
1429,1428000,57314,33254,33039,23488,51631,10508,0
1430,1429000,55033,41914,38029,25339,52481,7331,0
1431,1430000,54014,45213,37425,26181,53621,4546,0
1432,1431000,42052,43538,41106,25978,55866,2584,0
1433,1432000,28909,35853,49711,23870,58547,1021,0
1434,1433000,24712,21953,57413,20584,60281,59,0
1435,1434000,26485,6294,63651,17742,61902,221,0
1436,1435000,33174,1291,65432,15114,63678,1090,0
1437,1436000,46737,721,61869,11410,64715,2182,0
1438,1437000,64304,172,57429,7940,64912,4364,0
1439,1438000,65202,175,56811,4639,64913,7652,0
1440,1439000,65255,209,56288,2281,64552,11622,0
1441,1440000,65144,241,55819,581,63007,14719,0
1442,1441000,64891,271,55354,602,60426,17301,0
1443,1442000,64995,400,55659,2972,57944,20048,0
1444,1443000,65022,500,55843,4991,55035,20564,0
1445,1444000,64970,581,55799,8866,53136,20888,0
1446,1445000,64845,688,54394,12763,51350,19936,0
1447,1446000,65160,2933,35142,17280,50647,18180,0
1448,1447000,61495,18786,18627,20731,50787,14078,0
1449,1448000,57516,32819,33377,23268,51485,10347,0
1450,1449000,55236,41521,38390,25341,52473,7339,0
1451,1450000,54218,44824,37742,26573,53853,4871,0
1452,1451000,42797,43132,41264,25630,55607,2259,0
1453,1452000,29448,35499,49861,23999,58586,1102,0
1454,1453000,25176,21636,57600,21175,60627,545,0
1455,1454000,26924,6037,63815,18324,62248,717,0
1456,1455000,33602,1227,65498,15074,63660,1026,0
1457,1456000,47252,657,61946,11616,64847,2314,0
1458,1457000,64444,110,57571,8132,65046,4504,0
1459,1458000,65284,114,56961,5016,65163,7966,0
1460,1459000,65338,149,56446,1805,64256,11213,0
1461,1460000,65228,181,55976,575,63010,14719,0
1462,1461000,64964,208,55494,595,60431,17300,0
1463,1462000,65073,340,55807,2626,57740,19760,0
1464,1463000,65099,441,55991,5374,55277,20883,0
1465,1464000,65049,523,55955,9062,53254,21049,0
1466,1465000,64922,628,54601,13044,51528,20186,0
1467,1466000,65298,2640,35987,17261,50636,18212,0
1468,1467000,61663,18355,19375,20721,50772,14108,0
1469,1468000,57681,32430,33852,23602,51686,10641,0
1470,1469000,55416,41151,38737,25345,52474,7335,0
1471,1470000,54400,44435,38051,26575,53857,4863,0
1472,1471000,43456,42709,41445,26040,55828,2584,0
1473,1472000,29949,35103,50027,23730,58396,860,0
1474,1473000,25627,21267,57783,20600,60271,58,0
1475,1474000,27375,5754,63978,18317,62243,730,0
1476,1475000,34057,1174,65531,15165,63731,1095,0
1477,1476000,47824,603,61986,11812,64975,2460,0
1478,1477000,64574,63,57697,8508,65293,4822,0
1479,1478000,65349,67,57093,4809,65052,7805,0
1480,1479000,65407,105,56589,1807,64247,11225,0
1481,1480000,65292,136,56113,0,62651,14237,0
1482,1481000,65024,161,55622,792,60542,17467,0
1483,1482000,65135,295,55940,2646,57742,19770,0
1484,1483000,65159,396,56121,5772,55513,21197,0
1485,1484000,65113,479,56096,8888,53132,20876,0
1486,1485000,64980,582,54781,12808,51381,19977,0
1487,1486000,65391,2409,36777,16580,50219,17655,0
1488,1487000,61793,17996,20221,20332,50526,13801,0
1489,1488000,57813,32085,34433,23505,51627,10561,0
1490,1489000,55573,40803,39063,25732,52716,7650,0
1491,1490000,54561,44050,38349,26956,54104,5176,0
1492,1491000,44034,42273,41640,25856,55707,2417,0
1493,1492000,30415,34676,50204,23877,58479,987,0
1494,1493000,26063,20858,57961,21165,60626,555,0
1495,1494000,27831,5456,64136,17912,62006,423,0
1496,1495000,34532,1131,65535,15340,63863,1253,0
1497,1496000,48440,560,61990,11324,64690,2045,0
1498,1497000,64689,30,57808,8491,65301,4826,0
1499,1498000,65400,35,57209,4983,65172,7982,0
1500,1499000,65460,74,56717,1472,64026,10959,0
1501,1500000,65340,103,56232,777,63107,14903,0
1502,1501000,65070,129,55739,425,60292,17148,0
1503,1502000,65181,263,56057,2717,57762,19813,0
1504,1503000,65202,364,56235,5606,55391,21017,0
1505,1504000,65161,448,56220,8534,52890,20533,0
1506,1505000,65022,550,54937,12968,51471,20085,0
1507,1506000,65446,2231,37520,16485,50162,17569,0
1508,1507000,61888,17699,21136,20524,50639,13970,0
1509,1508000,57916,31778,35087,23361,51544,10431,0
1510,1509000,55706,40477,39364,25542,52610,7469,0
1511,1510000,54704,43673,38636,26563,53886,4833,0
1512,1511000,44542,41834,41842,26042,55837,2570,0
1513,1512000,30847,34231,50382,23771,58425,908,0
1514,1513000,26484,20427,58131,20950,60516,402,0
1515,1514000,28285,5154,64283,18075,62125,609,0
1516,1515000,35017,1098,65511,15025,63702,1009,0
1517,1516000,49083,526,61964,11214,64638,1966,0
1518,1517000,64787,9,57902,8660,65423,5002,0
1519,1518000,65439,15,57310,4673,64992,7760,0
1520,1519000,65500,55,56829,1810,64212,11270,0
1521,1520000,65372,83,56333,214,62733,14431,0
1522,1521000,65104,109,55846,643,60387,17320,0
1523,1522000,65213,244,56159,2639,57679,19719,0
1524,1523000,65232,344,56334,5449,55266,20834,0
1525,1524000,65194,430,56328,8959,53115,20838,0
1526,1525000,65049,529,55071,12895,51413,19983,0
1527,1526000,65474,2096,38228,17069,50520,18046,0
1528,1527000,61954,17452,22085,20720,50757,14129,0
1529,1528000,57995,31506,35773,23674,51744,10682,0
1530,1529000,55818,40171,39639,25544,52625,7446,0
1531,1530000,54829,43308,38907,26167,53671,4488,0
1532,1531000,44990,41399,42039,25835,55732,2401,0
1533,1532000,31248,33781,50557,23800,58460,956,0
1534,1533000,26885,19988,58290,21113,60640,580,0
1535,1534000,28729,4859,64416,18041,62126,636,0
1536,1535000,35500,1075,65469,14994,63716,1016,0
1537,1536000,49732,502,61914,11485,64819,2220,0
1538,1537000,64866,0,57979,8057,65072,4532,0
1539,1538000,65464,7,57397,4650,64984,7789,0
1540,1539000,65524,48,56921,1621,64071,11136,0
1541,1540000,65390,74,56418,233,62708,14450,0
1542,1541000,65128,101,55942,676,60360,17329,0
1543,1542000,65231,235,56245,2639,57637,19685,0
1544,1543000,65249,336,56419,5491,55256,20812,0
1545,1544000,65212,422,56418,8812,52988,20650,0
1546,1545000,65064,520,55185,12681,51267,19753,0
1547,1546000,65482,1995,38899,17081,50527,18026,0
1548,1547000,61995,17244,23035,20918,50882,14279,0
1549,1548000,58053,31263,36449,23459,51626,10479,0
1550,1549000,55911,39887,39889,25737,52761,7583,0
1551,1550000,54937,42961,39161,26536,53930,4795,0
1552,1551000,45381,40979,42224,26394,56100,2885,0
1553,1552000,31618,33341,50722,23754,58452,945,0
1554,1553000,27264,19559,58435,20889,60530,434,0
1555,1554000,29156,4582,64532,17621,61892,338,0
1556,1555000,35970,1062,65412,14865,63670,945,0
1557,1556000,50368,487,61846,11561,64881,2314,0
1558,1557000,64925,0,58042,8221,65190,4719,0
1559,1558000,65478,8,57469,4917,65152,8066,0
1560,1559000,65535,50,56996,1722,64106,11248,0
1561,1560000,65397,75,56489,1024,63151,15122,0
1562,1561000,65141,104,56025,904,60450,17501,0
1563,1562000,65237,236,56318,2773,57676,19762,0
1564,1563000,65256,337,56493,5726,55365,20952,0
1565,1564000,65218,423,56491,9242,53214,20951,0
1566,1565000,65066,521,55283,12564,51182,19604,0
1567,1566000,65474,1919,39529,16901,50418,17840,0
1568,1567000,62017,17065,23955,20730,50773,14099,0
1569,1568000,58096,31045,37085,23603,51728,10582,0
1570,1569000,55987,39625,40114,26025,52957,7803,0
1571,1570000,55030,42637,39395,26135,53719,4450,0
1572,1571000,45731,40582,42392,25797,55763,2390,0
1573,1572000,31960,32924,50870,23623,58393,863,0
1574,1573000,27618,19155,58562,20857,60536,452,0
1575,1574000,29556,4331,64631,17968,62130,694,0
1576,1575000,36415,1057,65346,14831,63682,957,0
1577,1576000,50972,481,61766,11541,64882,2329,0
1578,1577000,64968,9,58092,8386,65308,4906,0
1579,1578000,65481,19,57529,4800,65082,8016,0
1580,1579000,65532,60,57054,2015,64259,11521,0
1581,1580000,65394,85,56549,662,62889,14814,0
1582,1581000,65144,115,56097,747,60305,17346,0
1583,1582000,65234,246,56377,2812,57657,19756,0
1584,1583000,65255,347,56556,5768,55356,20928,0
1585,1584000,65212,433,56550,9094,53088,20762,0
1586,1585000,65060,530,55367,12638,51215,19618,0
1587,1586000,65455,1861,40113,16912,50427,17819,0
1588,1587000,62027,16905,24816,20542,50664,13921,0
1589,1588000,58127,30848,37658,23217,51507,10237,0
1590,1589000,56047,39385,40314,25734,52798,7535,0
1591,1590000,55107,42340,39608,26695,54094,4923,0
1592,1591000,46053,40217,42540,25969,55895,2550,0
1593,1592000,32275,32543,50999,23575,58382,851,0
1594,1593000,27942,18787,58669,20828,60541,470,0
1595,1594000,29923,4112,64712,18320,62365,1048,0
1596,1595000,36824,1061,65275,14704,63633,888,0
1597,1596000,51526,482,61680,11621,64941,2424,0
1598,1597000,64994,26,58132,8169,65189,4765,0
1599,1598000,65474,37,57576,4783,65072,8044,0
1600,1599000,65519,77,57097,2118,64295,11628,0
1601,1600000,65383,103,56599,108,62511,14339,0
1602,1601000,65138,133,56155,973,60398,17514,0
1603,1602000,65222,264,56425,2942,57699,19831,0
1604,1603000,65245,365,56608,5614,55232,20742,0
1605,1604000,65197,450,56595,8748,52846,20412,0
1606,1605000,65046,546,55438,12611,51190,19553,0
1607,1606000,65426,1814,40643,17113,50554,17962,0
1608,1607000,62029,16756,25595,21313,51143,14561,0
1609,1608000,58149,30669,38153,23503,51696,10466,0
1610,1609000,56093,39168,40490,25346,52579,7189,0
1611,1610000,55170,42074,39799,26678,54114,4909,0
1612,1611000,46354,39890,42664,25952,55904,2553,0
1613,1612000,32563,32205,51106,23764,58510,1041,0
1614,1613000,28234,18465,58757,20611,60426,325,0
1615,1614000,30251,3929,64774,18099,62246,910,0
1616,1615000,37189,1072,65202,14967,63818,1144,0
1617,1616000,52019,491,61594,11703,65000,2518,0
1618,1617000,65007,49,58164,7955,65072,4619,0
1619,1618000,65459,61,57612,4769,65064,8068,0
1620,1619000,65498,100,57129,1934,64159,11484,0
1621,1620000,65365,126,56639,707,62843,14840,0
1622,1621000,65123,157,56202,1195,60496,17680,0
1623,1622000,65202,287,56463,3044,57731,19884,0
1624,1623000,65228,389,56651,5838,55345,20884,0
1625,1624000,65175,473,56629,9357,53196,20879,0
1626,1625000,65025,569,55500,12963,51401,19818,0
1627,1626000,65392,1774,41113,16926,50445,17782,0
1628,1627000,62027,16615,26276,20928,50914,14226,0
1629,1628000,58165,30505,38567,23403,51648,10373,0
1630,1629000,56128,38974,40645,25533,52711,7337,0
1631,1630000,55220,41843,39968,26855,54249,5061,0
1632,1631000,46640,39604,42764,25553,55678,2227,0
1633,1632000,32828,31916,51192,23700,58483,1010,0
1634,1633000,28493,18194,58824,20783,60546,502,0
1635,1634000,30537,3783,64823,18269,62363,1095,0
1636,1635000,37506,1090,65134,14850,63765,1071,0
1637,1636000,52443,507,61512,11213,64706,2118,0
1638,1637000,65008,78,58190,7938,65073,4632,0
1639,1638000,65436,89,57639,4854,65117,8167,0
1640,1639000,65469,128,57151,1461,63849,11091,0
1641,1640000,65341,155,56671,533,62708,14684,0
1642,1641000,65101,187,56237,1027,60362,17518,0
1643,1642000,65177,316,56494,3067,57723,19876,0
1644,1643000,65205,418,56685,5478,55108,20539,0
1645,1644000,65146,501,56655,9574,53311,21024,0
1646,1645000,64999,597,55552,13359,51642,20128,0
1647,1646000,65353,1739,41519,16735,50334,17608,0
1648,1647000,62024,16476,26851,20733,50798,14062,0
1649,1648000,58176,30355,38899,23784,51889,10695,0
1650,1649000,56152,38803,40780,25336,52602,7165,0
1651,1650000,55257,41645,40115,26842,54262,5055,0
1652,1651000,46914,39363,42838,26121,56035,2717,0
1653,1652000,33069,31679,51257,23571,58409,916,0
1654,1653000,28718,17975,58872,20769,60546,513,0
1655,1654000,30781,3671,64858,18060,62243,948,0
1656,1655000,37772,1115,65072,15028,63888,1239,0
1657,1656000,52796,528,61437,11593,64942,2447,0
1658,1657000,65000,111,58212,8118,65193,4802,0
1659,1658000,65407,122,57658,4366,64819,7771,0
1660,1659000,65436,160,57166,1758,64013,11346,0
1661,1660000,65312,188,56696,549,62695,14688,0
1662,1661000,65072,219,56263,1238,60470,17680,0
1663,1662000,65148,348,56517,3059,57704,19848,0
1664,1663000,65177,451,56711,5687,55227,20687,0
1665,1664000,65114,532,56674,9014,52958,20521,0
1666,1665000,64970,629,55596,13123,51500,19913,0
1667,1666000,65312,1708,41862,17309,50694,18091,0
1668,1667000,62022,16338,27315,20728,50797,14068,0
1669,1668000,58185,30218,39157,23346,51627,10328,0
1670,1669000,56167,38654,40898,25331,52608,7161,0
1671,1670000,55284,41481,40242,26063,53800,4398,0
1672,1671000,47179,39164,42889,25733,55801,2393,0
1673,1672000,33288,31492,51303,23544,58390,904,0
1674,1673000,28911,17808,58903,20762,60545,521,0
1675,1674000,30984,3591,64882,18051,62240,960,0
1676,1675000,37989,1145,65017,14732,63716,995,0
1677,1676000,53079,555,61373,11305,64766,2201,0
1678,1677000,64985,148,58230,8495,65433,5130,0
1679,1678000,65373,158,57672,5227,65348,8509,0
1680,1679000,65399,195,57178,1959,64123,11513,0
1681,1680000,65280,224,56716,561,62688,14689,0
1682,1681000,65039,255,56282,1249,60465,17677,0
1683,1682000,65115,384,56535,2875,57586,19678,0
1684,1683000,65145,487,56731,6273,55583,21164,0
1685,1684000,65078,567,56688,9215,53077,20675,0
1686,1685000,64937,664,55634,12834,51328,19662,0
1687,1686000,65270,1680,42145,16725,50345,17601,0
1688,1687000,62023,16200,27677,20529,50677,13914,0
1689,1688000,58194,30092,39351,23666,51826,10608,0
1690,1689000,56175,38526,40999,25327,52611,7161,0
1691,1690000,55301,41348,40352,26057,53805,4396,0
1692,1691000,47436,39005,42920,26503,56269,3049,0
1693,1692000,33488,31353,51333,23452,58325,828,0
1694,1693000,29076,17688,58921,20954,60660,688,0
1695,1694000,31150,3539,64896,17856,62118,805,0
1696,1695000,38161,1179,64971,14729,63719,994,0
1697,1696000,53300,586,61318,11597,64944,2441,0
1698,1697000,64962,187,58245,7722,64967,4473,0
1699,1698000,65336,196,57682,4841,65114,8182,0
1700,1699000,65360,232,57187,1678,63942,11268,0
1701,1700000,65245,262,56732,762,62802,14850,0
1702,1701000,65003,292,56295,870,60229,17348,0
1703,1702000,65078,421,56548,3021,57677,19795,0
1704,1703000,65110,525,56746,5698,55235,20666,0
1705,1704000,65040,604,56698,9217,53079,20669,0
1706,1705000,64902,702,55666,12900,51377,19722,0
1707,1706000,65228,1656,42371,17292,50702,18095,0
1708,1707000,62026,16062,27944,20714,50788,14092,0
1709,1708000,58202,29977,39490,23517,51734,10494,0
1710,1709000,56176,38416,41086,25900,52963,7655,0
1711,1710000,55311,41244,40447,26053,53807,4397,0
1712,1711000,47685,38882,42936,25548,55674,2236,0
1713,1712000,33669,31253,51349,23752,58491,1077,0
1714,1713000,29214,17608,58929,20960,60655,690,0
1715,1714000,31282,3508,64903,18051,62231,972,0
1716,1715000,38293,1217,64933,14587,63632,867,0
1717,1716000,53467,621,61273,11507,64888,2350,0
1718,1717000,64936,227,58259,8107,65209,4791,0
1719,1718000,65298,235,57691,4456,64883,7850,0
1720,1719000,65320,272,57195,2021,64147,11550,0
1721,1720000,65208,302,56744,381,62567,14520,0
1722,1721000,64964,331,56303,869,60232,17343,0
1723,1722000,65040,460,56557,2825,57565,19628,0
1724,1723000,65074,565,56758,5693,55242,20660,0
1725,1724000,65000,643,56706,9213,53083,20668,0
1726,1725000,64865,740,55693,12867,51366,19704,0
1727,1726000,65185,1636,42549,17088,50586,17939,0
1728,1727000,62031,15927,28131,20705,50782,14108,0
1729,1728000,58210,29873,39585,23632,51804,10606,0
1730,1729000,56172,38323,41162,25897,52962,7660,0
1731,1730000,55314,41163,40531,26822,54277,5051,0
1732,1731000,47927,38788,42938,26327,56136,2892,0
1733,1732000,33836,31188,51355,23575,58362,917,0
1734,1733000,29332,17560,58929,21163,60767,853,0
1735,1734000,31387,3495,64906,17866,62108,810,0
1736,1735000,38394,1257,64902,14786,63751,1023,0
1737,1736000,53591,657,61235,11804,65068,2584,0
1738,1737000,64906,269,58271,7916,65098,4616,0
1739,1738000,65258,276,57698,4649,65007,8004,0
1740,1739000,65279,312,57201,1689,63942,11258,0
1741,1740000,65170,342,56755,766,62806,14841,0
1742,1741000,64923,370,56308,1249,60474,17666,0
1743,1742000,65000,500,56563,2900,57624,19696,0
1744,1743000,65036,605,56767,5877,55367,20820,0
1745,1744000,64959,683,56711,9398,53204,20833,0
1746,1745000,64827,780,55717,13047,51486,19874,0
1747,1746000,65144,1623,42685,16497,50234,17460,0
1748,1747000,62039,15795,28256,20504,50657,13963,0
1749,1748000,58218,29779,39646,23712,51849,10689,0
1750,1749000,56163,38244,41227,25125,52487,7015,0
1751,1750000,55313,41102,40605,26053,53804,4400,0
1752,1751000,48159,38718,42933,25763,55773,2405,0
1753,1752000,33989,31147,51355,23786,58466,1082,0
1754,1753000,29432,17536,58924,20984,60643,687,0
1755,1754000,31472,3493,64906,17683,61986,646,0
1756,1755000,38472,1300,64877,14938,63841,1137,0
1757,1756000,53686,696,61204,11526,64895,2325,0
1758,1757000,64874,311,58282,8112,65224,4765,0
1759,1758000,65217,317,57705,4458,64897,7830,0
1760,1759000,65238,353,57207,1597,63886,11169,0
1761,1760000,65131,384,56765,188,62458,14346,0
1762,1761000,64881,410,56311,856,60246,17336,0
1763,1762000,64960,541,56568,3189,57816,19950,0
1764,1763000,64997,647,56775,5289,55022,20330,0
1765,1764000,64918,723,56716,8811,52855,20347,0
1766,1765000,64789,821,55737,12938,51430,19801,0
1767,1766000,65103,1615,42788,16675,50351,17636,0
1768,1767000,62046,15671,28333,20496,50648,13983,0
1769,1768000,58226,29695,39683,23228,51547,10295,0
1770,1769000,56151,38176,41285,25701,52835,7513,0
1771,1770000,55308,41056,40673,26441,54036,4729,0
1772,1771000,48380,38666,42925,26163,55997,2734,0
1773,1772000,34130,31123,51351,23541,58292,859,0
1774,1773000,29520,17527,58919,20613,60402,357,0
1775,1774000,31543,3498,64904,17886,62099,806,0
1776,1775000,38534,1343,64856,15043,63901,1209,0
1777,1776000,53762,735,61177,11343,64781,2148,0
1778,1777000,64841,354,58292,8308,65350,4914,0
1779,1778000,65177,359,57711,4939,65199,8226,0
1780,1779000,65197,394,57213,1888,64067,11406,0
1781,1780000,65092,425,56773,377,62581,14504,0
1782,1781000,64839,451,56313,653,60137,17170,0
1783,1782000,64919,582,56571,2792,57589,19623,0
1784,1783000,64958,688,56782,5661,55264,20657,0
1785,1784000,64877,764,56719,8800,52858,20352,0
1786,1785000,64750,862,55755,13069,51519,19933,0
1787,1786000,65063,1614,42864,16662,50350,17648,0
1788,1787000,62053,15556,28380,21065,50990,14494,0
1789,1788000,58231,29621,39706,23658,51804,10676,0
1790,1789000,56135,38119,41337,25893,52947,7684,0
1791,1790000,55301,41020,40736,26637,54150,4895,0
1792,1791000,48589,38625,42918,25410,55516,2084,0
1793,1792000,34260,31109,51347,23728,58384,1001,0
1794,1793000,29599,17526,58914,20627,60397,352,0
1795,1794000,31605,3506,64901,17897,62095,802,0
1796,1795000,38589,1387,64836,14860,63785,1036,0
1797,1796000,53831,775,61152,11545,64904,2297,0
1798,1797000,64807,396,58302,7733,65006,4410,0
1799,1798000,65136,400,57718,4650,65031,7970,0
1800,1799000,65155,435,57217,1986,64130,11481,0
1801,1800000,65052,466,56781,565,62705,14662,0
1802,1801000,64797,491,56315,1027,60380,17494,0
1803,1802000,64877,622,56574,2586,57479,19460,0
1804,1803000,64919,729,56789,6034,55506,20985,0
1805,1804000,64835,805,56722,8791,52860,20357,0
1806,1805000,64711,902,55770,12769,51343,19697,0
1807,1806000,65023,1618,42920,16266,50113,17334,0
1808,1807000,62058,15452,28411,20675,50742,14190,0
1809,1808000,58235,29558,39724,23416,51647,10487,0
1810,1809000,56118,38071,41385,25509,52705,7367,0
1811,1810000,55291,40992,40796,26450,54028,4733,0
1812,1811000,48785,38590,42913,25618,55623,2248,0
1813,1812000,34382,31097,51345,24036,58550,1245,0
1814,1813000,29673,17526,58912,20832,60510,510,0
1815,1814000,31663,3513,64900,17906,62093,798,0
1816,1815000,38643,1431,64818,14963,63847,1107,0
1817,1816000,53901,814,61125,11552,64910,2282,0
1818,1817000,64773,439,58312,8504,65486,5048,0
1819,1818000,65096,442,57724,4937,65216,8204,0
1820,1819000,65113,476,57221,1986,64134,11475,0
1821,1820000,65013,508,56789,560,62710,14659,0
1822,1821000,64754,531,56316,1017,60387,17493,0
1823,1822000,64836,663,56577,3151,57839,19951,0
1824,1823000,64880,771,56795,5639,55276,20660,0
1825,1824000,64793,845,56724,9167,53097,20688,0
1826,1825000,64672,943,55784,13143,51578,20032,0
1827,1826000,64983,1628,42962,16449,50229,17508,0
1828,1827000,62060,15362,28438,20479,50612,14047,0
1829,1828000,58236,29504,39744,23272,51549,10377,0
1830,1829000,56100,38030,41430,25318,52581,7211,0
1831,1830000,55281,40968,40854,26839,54259,5061,0
1832,1831000,48964,38559,42913,26402,56084,2900,0
1833,1832000,34496,31085,51345,23764,58364,999,0
1834,1833000,29743,17522,58913,20652,60389,341,0
1835,1834000,31722,3518,64900,17722,61973,630,0
1836,1835000,38701,1474,64798,14632,63644,812,0
1837,1836000,53979,853,61097,11847,65092,2514,0
1838,1837000,64740,481,58321,7926,65143,4547,0
1839,1838000,65056,483,57729,4742,65107,8032,0
1840,1839000,65071,517,57224,2226,64284,11674,0
1841,1840000,64973,549,56795,363,62597,14494,0
1842,1841000,64712,571,56317,1200,60510,17657,0
1843,1842000,64795,703,56579,2684,57564,19565,0
1844,1843000,64841,812,56802,5630,55280,20662,0
1845,1844000,64752,885,56726,8777,52861,20367,0
1846,1845000,64633,984,55795,12896,51431,19835,0
1847,1846000,64943,1643,42996,16635,50344,17679,0
1848,1847000,62059,15287,28469,20285,50483,13901,0
1849,1848000,58234,29461,39770,23538,51703,10612,0
1850,1849000,56080,37995,41474,26089,53047,7868,0
1851,1850000,55269,40947,40911,26459,54022,4733,0
1852,1851000,49128,38528,42919,26031,55842,2573,0
1853,1852000,34602,31067,51350,23876,58415,1078,0
1854,1853000,29813,17510,58918,20853,60505,499,0
1855,1854000,31783,3518,64902,17728,61972,626,0
1856,1855000,38764,1517,64776,14636,63649,803,0
1857,1856000,54069,891,61065,11658,64980,2340,0
1858,1857000,64707,522,58329,8115,65269,4700,0
1859,1858000,65015,524,57734,4833,65173,8108,0
1860,1859000,65028,557,57225,1936,64111,11428,0
1861,1860000,64933,589,56801,936,62953,14983,0
1862,1861000,64670,610,56318,999,60396,17496,0
1863,1862000,64754,743,56582,3048,57796,19883,0
1864,1863000,64802,853,56808,5240,55047,20336,0
1865,1864000,64710,926,56728,9351,53214,20860,0
1866,1865000,64594,1024,55804,12795,51371,19759,0
1867,1866000,64903,1662,43023,17400,50813,18338,0
1868,1867000,62054,15226,28509,20477,50591,14077,0
1869,1868000,58228,29426,39806,23624,51747,10691,0
1870,1869000,56059,37966,41517,25515,52691,7381,0
1871,1870000,55256,40926,40968,26463,54021,4731,0
1872,1871000,49278,38495,42930,26426,56072,2897,0
1873,1872000,34703,31042,51359,23841,58379,1035,0
1874,1873000,29883,17489,58927,20861,60503,495,0
1875,1874000,31849,3514,64905,17924,62090,787,0
1876,1875000,38836,1559,64751,15070,63918,1163,0
1877,1876000,54173,929,61029,11659,64986,2331,0
1878,1877000,64675,564,58336,8302,65395,4856,0
1879,1878000,64975,564,57737,5018,65297,8268,0
1880,1879000,64985,597,57225,1933,64112,11428,0
1881,1880000,64893,629,56805,355,62601,14495,0
1882,1881000,64628,650,56319,1378,60632,17825,0
1883,1882000,64713,783,56584,2640,57551,19545,0
1884,1883000,64763,893,56813,5238,55048,20337,0
1885,1884000,64668,965,56729,9159,53094,20699,0
1886,1885000,64555,1064,55812,12841,51399,19804,0
1887,1886000,64863,1685,43049,16822,50458,17853,0
1888,1887000,62044,15178,28565,20286,50465,13924,0
1889,1888000,58218,29399,39855,23651,51757,10717,0
1890,1889000,56038,37941,41559,25517,52688,7382,0
1891,1890000,55243,40905,41023,26851,54257,5054,0
1892,1891000,49414,38459,42948,26050,55834,2568,0
1893,1892000,34798,31010,51372,23467,58139,707,0
1894,1893000,29954,17460,58938,20481,60267,166,0
1895,1894000,31920,3506,64909,17925,62090,786,0
1896,1895000,38917,1600,64722,14828,63776,953,0
1897,1896000,54291,965,60988,11370,64815,2079,0
1898,1897000,64644,605,58343,8102,65286,4688,0
1899,1898000,64935,604,57739,4626,65067,7941,0
1900,1899000,64942,636,57223,1978,64141,11471,0
1901,1900000,64852,669,56808,352,62600,14499,0
1902,1901000,64586,689,56319,605,60161,17177,0
1903,1902000,64673,823,56587,2804,57654,19690,0
1904,1903000,64724,933,56817,5815,55401,20827,0
1905,1904000,64627,1005,56729,9161,53092,20700,0
1906,1905000,64515,1104,55818,13033,51515,19969,0
1907,1906000,64822,1710,43075,16630,50339,17692,0
1908,1907000,62031,15142,28635,20866,50813,14419,0
1909,1908000,58204,29379,39914,23558,51695,10637,0
1910,1909000,56017,37920,41601,26097,53041,7870,0
1911,1910000,55229,40884,41079,26469,54024,4723,0
1912,1911000,49538,38421,42969,25672,55597,2238,0
1913,1912000,34889,30973,51387,23570,58194,786,0
1914,1913000,30025,17423,58951,20483,60268,164,0
1915,1914000,31994,3495,64914,17924,62091,786,0
1916,1915000,39004,1641,64690,14729,63722,868,0
1917,1916000,54419,1001,60944,11560,64937,2238,0
1918,1917000,64612,646,58348,8093,65293,4686,0
1919,1918000,64894,644,57740,4810,65188,8107,0
1920,1919000,64898,675,57219,2168,64258,11639,0
1921,1920000,64811,709,56809,543,62715,14667,0
1922,1921000,64545,728,56320,603,60159,17182,0
1923,1922000,64632,863,56589,3035,57794,19889,0
1924,1923000,64684,973,56821,5433,55164,20500,0
1925,1924000,64585,1044,56729,8974,52971,20537,0
1926,1925000,64476,1144,55823,12843,51396,19806,0
1927,1926000,64781,1737,43102,16825,50455,17855,0
1928,1927000,62014,15116,28719,20485,50573,14096,0
1929,1928000,58188,29365,39983,23597,51715,10668,0
1930,1929000,55994,37903,41642,25715,52806,7541,0
1931,1930000,55215,40863,41133,26855,54262,5044,0
1932,1931000,49653,38382,42993,25676,55597,2235,0
1933,1932000,34978,30931,51404,23817,58339,989,0
1934,1933000,30097,17382,58966,20291,60151,0,0
1935,1934000,32072,3483,64918,17921,62092,787,0
1936,1935000,39097,1681,64656,14724,63727,865,0
1937,1936000,54555,1035,60896,11749,65059,2398,0
1938,1937000,64581,686,58352,8467,65535,5012,0
1939,1938000,64853,684,57739,4416,64956,7784,0
1940,1939000,64854,714,57214,1973,64138,11481,0
1941,1940000,64770,748,56809,735,62829,14835,0
1942,1941000,64503,766,56319,795,60273,17350,0
1943,1942000,64592,902,56590,2904,57711,19780,0
1944,1943000,64644,1013,56823,5245,55045,20336,0
1945,1944000,64543,1083,56728,8980,52968,20536,0
1946,1945000,64436,1183,55826,12894,51423,19847,0
1947,1946000,64739,1766,43132,17020,50571,18017,0
1948,1947000,61995,15097,28813,20873,50805,14424,0
1949,1948000,58170,29356,40057,23336,51551,10443,0
1950,1949000,55972,37888,41682,25140,52454,7048,0
1951,1950000,55200,40843,41185,26471,54030,4712,0
1952,1951000,49760,38343,43018,26448,56068,2884,0
1953,1952000,35064,30889,51421,23676,58249,866,0
1954,1953000,30170,17340,58979,21059,60622,652,0
1955,1954000,32151,3471,64921,18109,62210,952,0
1956,1955000,39192,1720,64619,14526,63614,700,0
1957,1956000,54694,1070,60847,11168,64710,1907,0
1958,1957000,64549,726,58355,7688,65070,4360,0
1959,1958000,64812,722,57737,4215,64840,7625,0
1960,1959000,64809,752,57208,1923,64106,11446,0
1961,1960000,64728,786,56808,351,62590,14514,0
1962,1961000,64461,805,56318,1373,60621,17845,0
1963,1962000,64552,941,56591,2945,57732,19815,0
1964,1963000,64604,1052,56824,5827,55395,20824,0
1965,1964000,64501,1121,56725,8795,52847,20372,0
1966,1965000,64396,1222,55828,12802,51363,19764,0
1967,1966000,64696,1795,43165,16832,50453,17852,0
1968,1967000,61975,15084,28912,20685,50684,14262,0
1969,1968000,58150,29350,40132,23291,51521,10401,0
1970,1969000,55949,37877,41722,25527,52691,7371,0
1971,1970000,55185,40825,41236,26471,54034,4707,0
1972,1971000,49864,38306,43044,26258,55952,2718,0
1973,1972000,35147,30848,51437,23631,58219,824,0
1974,1973000,30241,17299,58991,21057,60623,652,0
1975,1974000,32229,3461,64922,17720,61976,628,0
1976,1975000,39286,1759,64581,14617,63677,780,0
1977,1976000,54831,1103,60797,11645,65007,2314,0
1978,1977000,64516,766,58356,8063,65310,4688,0
1979,1978000,64770,761,57733,4495,65019,7874,0
1980,1979000,64765,789,57201,2065,64191,11574,0
1981,1980000,64686,824,56805,737,62821,14846,0
1982,1981000,64419,842,56315,1183,60499,17687,0
1983,1982000,64511,979,56591,2923,57715,19797,0
1984,1983000,64564,1090,56824,5832,55394,20822,0
1985,1984000,64459,1160,56722,9379,53197,20860,0
1986,1985000,64356,1261,55829,12997,51480,19926,0
1987,1986000,64653,1825,43199,16643,50335,17687,0
1988,1987000,61953,15073,29012,20496,50564,14100,0
1989,1988000,58130,29346,40205,23630,51726,10686,0
1990,1989000,55926,37868,41759,25913,52928,7694,0
1991,1990000,55169,40810,41283,26856,54273,5029,0
1992,1991000,49966,38273,43067,26260,55953,2715,0
1993,1992000,35230,30811,51450,23729,58276,906,0
1994,1993000,30311,17264,59000,20863,60507,489,0
1995,1994000,32305,3455,64920,17908,62095,794,0
1996,1995000,39377,1798,64543,14900,63858,1023,0
1997,1996000,54962,1137,60748,11449,64892,2150,0
1998,1997000,64483,805,58355,8054,65315,4689,0
1999,1998000,64729,799,57729,4583,65079,7960,0
2000,1999000,64721,827,57193,1968,64129,11497,0
