1,0,29195,43825,9282,31229,5906,50954,0
2,1000,25806,44442,18236,36911,1463,47472,0
3,2000,23260,43932,28667,42234,0,42591,0
4,3000,21771,42030,39296,46602,1735,36821,0
5,4000,21005,39070,49002,49537,6667,30682,0
6,5000,21015,35503,56880,50948,14034,24729,0
7,6000,22509,31686,61851,50586,23229,19595,0
8,7000,25232,28089,64352,48393,33333,15898,0
9,8000,28687,25000,65489,44751,43439,13769,0
10,9000,32567,22877,62743,39922,52554,13518,0
11,10000,36370,21736,56344,34436,59637,15200,0
12,11000,39746,21095,47429,28771,64061,18674,0
13,12000,42285,21575,37035,23457,65534,23540,0
14,13000,43770,23459,26426,19092,63818,29294,0
15,14000,44547,26407,16715,16152,58911,35425,0
16,15000,44558,29968,8791,14730,51564,41378,0
17,16000,43080,33788,3740,15077,42380,46520,0
18,17000,40365,37396,1205,17257,32275,50232,0
19,18000,36902,40507,103,20898,22146,52377,0
20,19000,33009,42662,2870,25734,13004,52636,0
21,20000,29193,43825,9286,31231,5903,50953,0
22,21000,25806,44441,18238,36912,1464,47471,0
23,22000,23260,43931,28670,42235,0,42590,0
24,23000,21771,42029,39299,46602,1736,36820,0
25,24000,21008,39068,48999,49533,6676,30680,0
26,25000,21018,35500,56877,50944,14043,24727,0
27,26000,22509,31686,61852,50586,23231,19594,0
28,27000,25231,28089,64355,48394,33332,15898,0
29,28000,28690,24998,65486,44748,43445,13768,0
30,29000,32568,22877,62740,39919,52558,13518,0
31,30000,36370,21736,56343,34436,59637,15201,0
32,31000,39748,21094,47425,28768,64064,18675,0
33,32000,42286,21576,37032,23456,65534,23541,0
34,33000,43770,23460,26423,19092,63817,29296,0
35,34000,44547,26408,16712,16151,58910,35426,0
36,35000,44558,29969,8789,14730,51561,41380,0
37,36000,43079,33789,3739,15077,42378,46521,0
38,37000,40363,37397,1204,17258,32272,50232,0
39,38000,36901,40507,104,20899,22143,52377,0
40,39000,33008,42663,2872,25735,13003,52635,0
41,40000,29192,43826,9289,31233,5902,50952,0
42,41000,25805,44441,18241,36913,1464,47470,0
43,42000,23259,43931,28673,42236,0,42588,0
44,43000,21770,42029,39302,46603,1737,36818,0
45,44000,21008,39067,49001,49533,6678,30679,0
46,45000,21018,35500,56879,50944,14045,24726,0
47,46000,22509,31685,61854,50586,23233,19593,0
48,47000,25232,28089,64356,48393,33335,15897,0
49,48000,28691,24998,65486,44747,43447,13768,0
50,49000,32569,22876,62739,39918,52560,13519,0
51,50000,36371,21736,56341,34434,59638,15202,0
52,51000,39749,21094,47422,28767,64064,18676,0
53,52000,42287,21576,37029,23455,65533,23543,0
54,53000,43770,23461,26421,19091,63816,29297,0
55,54000,44548,26408,16710,16151,58908,35428,0
56,55000,44558,29970,8788,14730,51559,41381,0
57,56000,43079,33790,3738,15078,42375,46522,0
58,57000,40363,37398,1204,17259,32270,50233,0
59,58000,36900,40508,104,20900,22141,52377,0
60,59000,33008,42663,2873,25737,13001,52635,0
61,60000,29191,43826,9291,31234,5900,50951,0
62,61000,25805,44441,18243,36914,1463,47469,0
63,62000,23259,43931,28676,42237,0,42587,0
64,63000,21771,42028,39304,46604,1738,36817,0
65,64000,21009,39066,49003,49534,6679,30677,0
66,65000,21019,35499,56880,50944,14047,24725,0
67,66000,22510,31684,61854,50585,23235,19593,0
68,67000,25233,28088,64356,48392,33337,15897,0
69,68000,28691,24997,65485,44745,43449,13768,0
70,69000,32570,22876,62738,39917,52562,13519,0
71,70000,36372,21736,56339,34433,59639,15202,0
72,71000,39750,21094,47420,28765,64065,18677,0
73,72000,42287,21577,37026,23453,65533,23544,0
74,73000,43770,23461,26418,19090,63815,29299,0
75,74000,44548,26409,16707,16151,58907,35429,0
76,75000,44557,29971,8786,14730,51557,41382,0
77,76000,43078,33791,3737,15078,42373,46523,0
78,77000,40362,37399,1203,17260,32267,50233,0
79,78000,36899,40508,104,20901,22139,52378,0
80,79000,33007,42663,2874,25738,12999,52634,0
81,80000,29190,43826,9293,31235,5899,50950,0
82,81000,25804,44441,18246,36916,1463,47468,0
83,82000,23259,43930,28678,42239,1,42585,0
84,83000,21770,42027,39306,46605,1739,36815,0
85,84000,21009,39065,49005,49534,6681,30676,0
86,85000,21019,35498,56881,50944,14049,24724,0
87,86000,22511,31683,61855,50585,23238,19592,0
88,87000,25233,28087,64356,48391,33340,15896,0
89,88000,28692,24997,65485,44744,43451,13768,0
90,89000,32571,22875,62736,39916,52563,13519,0
91,90000,36373,21736,56337,34431,59640,15203,0
92,91000,39750,21094,47418,28764,64065,18678,0
93,92000,42287,21577,37024,23452,65533,23545,0
94,93000,43770,23462,26416,19089,63814,29300,0
95,94000,44548,26410,16706,16150,58905,35431,0
96,95000,44557,29972,8785,14730,51554,41384,0
97,96000,43078,33792,3737,15079,42370,46524,0
98,97000,40361,37399,1204,17261,32264,50234,0
99,98000,36898,40509,106,20903,22137,52378,0
100,99000,33006,42663,2876,25739,12997,52634,0
101,100000,29189,43826,9295,31237,5898,50949,0
102,101000,25803,44441,18248,36917,1463,47467,0
103,102000,23258,43929,28681,42240,1,42584,0
104,103000,21770,42027,39308,46606,1740,36814,0
105,104000,21008,39065,49007,49535,6682,30675,0
106,105000,21019,35497,56882,50944,14051,24722,0
107,106000,22511,31682,61855,50584,23240,19591,0
108,107000,25234,28086,64356,48391,33342,15896,0
109,108000,28693,24996,65484,44743,43453,13768,0
110,109000,32572,22875,62735,39914,52565,13520,0
111,110000,36374,21735,56335,34430,59642,15204,0
112,111000,39751,21094,47416,28763,64066,18679,0
113,112000,42288,21577,37022,23451,65533,23547,0
114,113000,43771,23462,26414,19088,63813,29302,0
115,114000,44548,26411,16704,16150,58903,35432,0
116,115000,44557,29973,8784,14730,51552,41385,0
117,116000,43077,33793,3736,15079,42368,46525,0
118,117000,40360,37400,1203,17262,32262,50235,0
119,118000,36897,40510,106,20904,22134,52378,0
120,119000,33005,42664,2878,25741,12996,52634,0
121,120000,29188,43826,9297,31238,5897,50948,0
122,121000,25802,44441,18250,36918,1462,47466,0
123,122000,23258,43929,28683,42241,1,42583,0
124,123000,21770,42026,39311,46606,1741,36813,0
125,124000,21005,39066,49014,49539,6677,30673,0
126,125000,21017,35498,56887,50947,14048,24721,0
127,126000,22513,31681,61854,50582,23245,19590,0
128,127000,25236,28085,64354,48388,33347,15895,0
129,128000,28693,24996,65486,44744,43452,13768,0
130,129000,32572,22875,62734,39914,52566,13520,0
131,130000,36375,21735,56332,34428,59644,15205,0
132,131000,39751,21095,47415,28763,64065,18680,0
133,132000,42288,21578,37019,23450,65533,23548,0
134,133000,43771,23463,26411,19088,63812,29303,0
135,134000,44548,26411,16702,16149,58902,35433,0
136,135000,44556,29974,8783,14730,51550,41386,0
137,136000,43076,33794,3736,15080,42365,46526,0
138,137000,40359,37401,1202,17262,32260,50235,0
139,138000,36896,40510,106,20905,22132,52378,0
140,139000,33003,42664,2880,25742,12993,52633,0
141,140000,29188,43826,9299,31239,5896,50948,0
142,141000,25802,44441,18253,36920,1461,47464,0
143,142000,23258,43929,28686,42242,2,42581,0
144,143000,21770,42025,39313,46607,1743,36811,0
145,144000,21008,39063,49011,49536,6685,30672,0
146,145000,21020,35495,56884,50943,14056,24720,0
147,146000,22512,31681,61856,50583,23245,19589,0
148,147000,25236,28085,64356,48389,33346,15894,0
149,148000,28695,24995,65483,44741,43458,13768,0
150,149000,32574,22874,62732,39912,52569,13520,0
151,150000,36376,21735,56331,34427,59644,15205,0
152,151000,39753,21094,47411,28760,64067,18681,0
153,152000,42289,21578,37017,23449,65532,23549,0
154,153000,43772,23464,26409,19087,63811,29305,0
155,154000,44548,26412,16699,16149,58900,35435,0
156,155000,44556,29975,8781,14730,51548,41387,0
157,156000,43076,33795,3734,15080,42363,46527,0
158,157000,40359,37402,1203,17264,32257,50236,0
159,158000,36895,40511,107,20906,22130,52378,0
160,159000,33003,42664,2881,25743,12992,52633,0
161,160000,29187,43826,9301,31241,5895,50947,0
162,161000,25801,44441,18255,36921,1461,47463,0
163,162000,23258,43928,28688,42243,2,42580,0
164,163000,21770,42025,39315,46608,1744,36810,0
165,164000,21005,39064,49017,49540,6680,30670,0
166,165000,21018,35496,56889,50947,14052,24719,0
167,166000,22514,31679,61855,50582,23249,19588,0
168,167000,25238,28084,64354,48387,33352,15894,0
169,168000,28694,24995,65485,44742,43457,13768,0
170,169000,32574,22874,62732,39911,52569,13521,0
171,170000,36377,21735,56328,34425,59646,15206,0
172,171000,39752,21094,47410,28760,64066,18682,0
173,172000,42290,21578,37014,23448,65532,23551,0
174,173000,43772,23464,26406,19086,63810,29306,0
175,174000,44548,26413,16697,16149,58899,35436,0
176,175000,44556,29976,8779,14730,51545,41389,0
177,176000,43075,33796,3734,15081,42360,46528,0
178,177000,40358,37402,1202,17264,32255,50236,0
179,178000,36894,40511,107,20907,22127,52378,0
180,179000,33002,42664,2882,25745,12990,52632,0
181,180000,29186,43826,9303,31242,5894,50946,0
182,181000,25801,44441,18257,36922,1461,47462,0
183,182000,23257,43928,28691,42244,2,42579,0
184,183000,21770,42024,39317,46608,1745,36808,0
185,184000,21008,39062,49014,49536,6688,30669,0
186,185000,21021,35493,56886,50943,14060,24717,0
187,186000,22514,31679,61856,50582,23250,19587,0
188,187000,25237,28083,64356,48387,33351,15893,0
189,188000,28697,24994,65482,44739,43462,13768,0
190,189000,32576,22874,62729,39909,52572,13521,0
191,190000,36377,21735,56327,34425,59646,15207,0
192,191000,39754,21094,47406,28758,64068,18683,0
193,192000,42290,21579,37011,23447,65532,23552,0
194,193000,43772,23465,26404,19085,63809,29308,0
195,194000,44549,26414,16695,16148,58897,35438,0
196,195000,44556,29976,8778,14730,51544,41390,0
197,196000,43075,33796,3733,15081,42358,46529,0
198,197000,40357,37403,1202,17266,32252,50237,0
199,198000,36893,40511,107,20908,22125,52378,0
200,199000,33001,42664,2883,25746,12989,52632,0
201,200000,29185,43826,9305,31244,5893,50945,0
202,201000,25800,44440,18259,36923,1460,47461,0
203,202000,23257,43927,28693,42245,3,42577,0
204,203000,21770,42023,39319,46609,1746,36807,0
205,204000,21005,39062,49021,49541,6683,30668,0
206,205000,21018,35494,56891,50947,14056,24716,0
207,206000,22515,31678,61855,50581,23254,19586,0
208,207000,25239,28082,64355,48385,33356,15893,0
209,208000,28696,24994,65484,44740,43461,13767,0
210,209000,32576,22874,62729,39909,52572,13521,0
211,210000,36378,21734,56324,34423,59648,15208,0
212,211000,39754,21094,47405,28758,64067,18684,0
213,212000,42290,21579,37008,23446,65532,23553,0
214,213000,43772,23465,26402,19085,63808,29309,0
215,214000,44549,26415,16693,16148,58895,35439,0
216,215000,44555,29978,8776,14730,51541,41391,0
217,216000,43074,33797,3733,15082,42355,46530,0
218,217000,40356,37404,1201,17266,32251,50237,0
219,218000,36892,40512,108,20910,22123,52378,0
220,219000,33000,42665,2885,25747,12986,52632,0
221,220000,29185,43826,9307,31245,5892,50945,0
222,221000,25799,44441,18263,36925,1460,47460,0
223,222000,23256,43927,28696,42246,3,42576,0
224,223000,21770,42023,39322,46610,1747,36806,0
225,224000,21004,39062,49024,49541,6684,30666,0
226,225000,21019,35493,56894,50946,14059,24715,0
227,226000,22516,31677,61857,50580,23257,19585,0
228,227000,25240,28081,64356,48384,33358,15893,0
229,228000,28697,24993,65484,44738,43463,13767,0
230,229000,32577,22873,62728,39908,52575,13522,0
231,230000,36379,21734,56323,34422,59649,15208,0
232,231000,39755,21094,47403,28756,64067,18685,0
233,232000,42291,21579,37006,23444,65532,23555,0
234,233000,43773,23466,26399,19084,63807,29310,0
235,234000,44549,26416,16691,16147,58894,35440,0
236,235000,44555,29979,8775,14731,51539,41393,0
237,236000,43073,33798,3732,15082,42352,46531,0
238,237000,40356,37405,1201,17267,32248,50238,0
239,238000,36892,40513,108,20911,22121,52378,0
240,239000,32999,42665,2886,25749,12985,52631,0
241,240000,29184,43826,9310,31246,5891,50944,0
242,241000,25799,44441,18265,36926,1459,47459,0
243,242000,23256,43927,28699,42247,3,42575,0
244,243000,21770,42022,39324,46610,1748,36804,0
245,244000,21005,39061,49026,49542,6686,30665,0
246,245000,21019,35492,56895,50946,14061,24714,0
247,246000,22517,31676,61857,50580,23259,19584,0
248,247000,25241,28081,64356,48383,33361,15892,0
249,248000,28698,24993,65484,44737,43466,13767,0
250,249000,32578,22873,62727,39906,52576,13522,0
251,250000,36380,21734,56321,34420,59650,15209,0
252,251000,39755,21094,47400,28755,64068,18686,0
253,252000,42292,21580,37003,23443,65531,23556,0
254,253000,43773,23467,26397,19083,63806,29312,0
255,254000,44549,26416,16689,16147,58892,35442,0
256,255000,44555,29980,8774,14731,51537,41394,0
257,256000,43073,33799,3731,15083,42350,46532,0
258,257000,40355,37406,1200,17268,32246,50238,0
259,258000,36891,40514,109,20912,22118,52379,0
260,259000,32998,42666,2888,25750,12983,52631,0
261,260000,29183,43826,9311,31247,5890,50943,0
262,261000,25798,44441,18268,36927,1459,47458,0
263,262000,23256,43926,28701,42248,4,42573,0
264,263000,21770,42022,39327,46611,1749,36803,0
265,264000,21005,39060,49028,49542,6687,30664,0
266,265000,21020,35491,56896,50946,14063,24713,0
267,266000,22517,31675,61858,50579,23261,19584,0
268,267000,25242,28080,64356,48383,33363,15892,0
269,268000,28699,24992,65483,44736,43468,13767,0
270,269000,32579,22873,62726,39905,52578,13522,0
271,270000,36381,21734,56319,34419,59651,15210,0
272,271000,39756,21094,47398,28754,64069,18687,0
273,272000,42292,21580,37001,23442,65531,23557,0
274,273000,43773,23468,26394,19082,63805,29313,0
275,274000,44550,26417,16687,16146,58891,35443,0
276,275000,44555,29980,8772,14731,51535,41395,0
277,276000,43072,33800,3730,15083,42348,46533,0
278,277000,40354,37406,1200,17269,32243,50239,0
279,278000,36890,40514,109,20913,22116,52379,0
280,279000,32997,42666,2889,25751,12981,52631,0
281,280000,29182,43826,9313,31249,5889,50942,0
282,281000,25797,44440,18270,36928,1458,47457,0
283,282000,23256,43926,28704,42249,4,42572,0
284,283000,21770,42021,39329,46612,1750,36801,0
285,284000,21005,39059,49029,49542,6689,30662,0
286,285000,21020,35490,56897,50946,14065,24711,0
287,286000,22518,31674,61858,50579,23263,19583,0
288,287000,25242,28079,64356,48382,33365,15891,0
289,288000,28700,24992,65483,44735,43470,13767,0
290,289000,32580,22872,62724,39904,52580,13523,0
291,290000,36382,21734,56317,34418,59653,15211,0
292,291000,39757,21094,47396,28753,64069,18688,0
293,292000,42292,21580,36998,23441,65531,23559,0
294,293000,43773,23468,26392,19082,63804,29315,0
295,294000,44550,26418,16685,16146,58889,35445,0
296,295000,44554,29981,8771,14731,51533,41396,0
297,296000,43071,33801,3729,15084,42345,46534,0
298,297000,40353,37407,1200,17269,32241,50239,0
299,298000,36889,40515,109,20914,22114,52379,0
300,299000,32996,42666,2890,25753,12979,52630,0
301,300000,29181,43826,9315,31250,5888,50941,0
302,301000,25797,44440,18272,36930,1458,47456,0
303,302000,23255,43926,28706,42250,4,42571,0
304,303000,21770,42020,39331,46612,1751,36800,0
305,304000,21005,39059,49031,49543,6690,30661,0
306,305000,21020,35489,56898,50946,14067,24710,0
307,306000,22518,31674,61859,50578,23266,19582,0
308,307000,25243,28079,64356,48381,33367,15891,0
309,308000,28701,24991,65482,44734,43472,13767,0
310,309000,32580,22872,62723,39903,52581,13523,0
311,310000,36382,21733,56315,34417,59654,15211,0
312,311000,39757,21094,47393,28751,64070,18689,0
313,312000,42293,21581,36996,23440,65531,23560,0
314,313000,43774,23469,26389,19081,63803,29316,0
315,314000,44550,26419,16682,16145,58888,35446,0
316,315000,44554,29982,8769,14731,51531,41397,0
317,316000,43071,33802,3728,15084,42343,46535,0
318,317000,40352,37408,1199,17270,32239,50240,0
319,318000,36888,40515,109,20915,22112,52379,0
320,319000,32995,42666,2891,25754,12978,52630,0
321,320000,29181,43826,9317,31251,5887,50941,0
322,321000,25796,44440,18274,36931,1458,47455,0
323,322000,23255,43925,28708,42251,5,42569,0
324,323000,21770,42019,39333,46613,1753,36799,0
325,324000,21004,39058,49033,49543,6692,30660,0
326,325000,21020,35489,56899,50946,14069,24709,0
327,326000,22519,31673,61859,50578,23268,19581,0
328,327000,25244,28078,64356,48380,33370,15890,0
329,328000,28702,24991,65482,44733,43474,13767,0
330,329000,32582,22872,62722,39902,52583,13523,0
331,330000,36383,21733,56313,34415,59655,15212,0
332,331000,39758,21094,47391,28750,64070,18690,0
333,332000,42293,21581,36993,23439,65530,23561,0
334,333000,43774,23469,26387,19080,63802,29317,0
335,334000,44550,26419,16680,16145,58886,35447,0
336,335000,44554,29983,8768,14731,51529,41399,0
337,336000,43070,33803,3728,15085,42341,46536,0
338,337000,40352,37409,1199,17271,32236,50240,0
339,338000,36887,40516,110,20916,22110,52379,0
340,339000,32995,42667,2893,25755,12976,52630,0
341,340000,29180,43827,9319,31252,5886,50940,0
342,341000,25796,44440,18276,36932,1457,47454,0
343,342000,23255,43925,28710,42252,5,42568,0
344,343000,21770,42019,39335,46614,1754,36797,0
345,344000,21005,39057,49035,49544,6693,30658,0
346,345000,21021,35488,56900,50946,14071,24708,0
347,346000,22520,31672,61859,50577,23270,19580,0
348,347000,25245,28077,64356,48379,33372,15890,0
349,348000,28703,24990,65481,44732,43476,13767,0
350,349000,32582,22871,62720,39900,52585,13523,0
351,350000,36384,21733,56312,34414,59656,15213,0
352,351000,39759,21094,47390,28749,64071,18691,0
353,352000,42294,21581,36992,23438,65530,23562,0
354,353000,43774,23470,26386,19079,63801,29319,0
355,354000,44550,26420,16679,16145,58885,35449,0
356,355000,44554,29984,8767,14731,51527,41400,0
357,356000,43070,33803,3728,15085,42339,46537,0
358,357000,40351,37409,1199,17272,32234,50241,0
359,358000,36886,40516,111,20917,22108,52379,0
360,359000,32994,42667,2895,25756,12975,52629,0
361,360000,29179,43826,9321,31254,5884,50939,0
362,361000,25795,44440,18279,36933,1457,47453,0
363,362000,23254,43924,28713,42253,5,42567,0
364,363000,21770,42018,39337,46614,1755,36796,0
365,364000,21005,39056,49036,49544,6695,30657,0
366,365000,21021,35487,56901,50946,14073,24707,0
367,366000,22520,31671,61860,50577,23272,19579,0
368,367000,25246,28076,64356,48379,33374,15889,0
369,368000,28703,24990,65481,44731,43478,13766,0
370,369000,32583,22871,62719,39899,52586,13524,0
371,370000,36385,21733,56310,34413,59657,15213,0
372,371000,39759,21094,47387,28748,64071,18692,0
373,372000,42294,21581,36989,23437,65530,23564,0
374,373000,43775,23470,26383,19079,63800,29320,0
375,374000,44550,26421,16677,16144,58883,35450,0
376,375000,44554,29985,8766,14731,51525,41401,0
377,376000,43069,33804,3727,15085,42336,46538,0
378,377000,40350,37410,1199,17273,32231,50241,0
379,378000,36885,40517,111,20918,22106,52379,0
380,379000,32993,42667,2896,25757,12973,52629,0
381,380000,29178,43826,9323,31255,5883,50938,0
382,381000,25794,44440,18281,36934,1456,47452,0
383,382000,23254,43924,28715,42254,6,42566,0
384,383000,21770,42018,39339,46615,1756,36795,0
385,384000,21005,39056,49038,49544,6696,30656,0
386,385000,21021,35486,56902,50946,14075,24706,0
387,386000,22521,31670,61860,50576,23274,19578,0
388,387000,25246,28076,64356,48378,33376,15889,0
389,388000,28704,24989,65480,44730,43480,13766,0
390,389000,32584,22871,62718,39898,52588,13524,0
391,390000,36386,21733,56308,34412,59658,15214,0
392,391000,39760,21094,47385,28747,64072,18693,0
393,392000,42295,21582,36987,23436,65530,23565,0
394,393000,43775,23471,26381,19078,63799,29321,0
395,394000,44550,26422,16675,16144,58882,35451,0
396,395000,44553,29986,8764,14730,51523,41402,0
397,396000,43069,33805,3726,15086,42334,46538,0
398,397000,40349,37411,1198,17274,32229,50242,0
399,398000,36884,40517,111,20920,22104,52379,0
400,399000,32992,42667,2897,25759,12971,52629,0
401,400000,29178,43827,9325,31256,5882,50938,0
402,401000,25794,44440,18284,36936,1456,47450,0
403,402000,23254,43924,28718,42255,6,42564,0
404,403000,21770,42017,39342,46616,1757,36793,0
405,404000,21004,39055,49041,49545,6698,30655,0
406,405000,21021,35485,56904,50946,14077,24705,0
407,406000,22521,31670,61861,50576,23277,19577,0
408,407000,25247,28075,64357,48377,33378,15888,0
409,408000,28705,24989,65481,44729,43482,13766,0
410,409000,32585,22870,62717,39897,52590,13524,0
411,410000,36386,21733,56306,34410,59659,15215,0
412,411000,39760,21094,47383,28745,64072,18694,0
413,412000,42295,21582,36984,23435,65530,23566,0
414,413000,43775,23472,26378,19077,63798,29323,0
415,414000,44550,26422,16673,16143,58880,35453,0
416,415000,44553,29986,8763,14731,51521,41403,0
417,416000,43068,33806,3725,15086,42332,46539,0
418,417000,40348,37411,1198,17274,32227,50242,0
419,418000,36883,40518,112,20921,22102,52379,0
420,419000,32991,42667,2898,25760,12970,52628,0
421,420000,29177,43826,9327,31258,5881,50937,0
422,421000,25793,44440,18286,36937,1456,47449,0
423,422000,23253,43923,28720,42256,6,42563,0
424,423000,21770,42016,39344,46616,1758,36792,0
425,424000,21004,39054,49042,49545,6699,30653,0
426,425000,21022,35484,56905,50946,14078,24703,0
427,426000,22522,31669,61862,50576,23279,19577,0
428,427000,25248,28074,64357,48376,33381,15888,0
429,428000,28706,24988,65480,44728,43484,13766,0
430,429000,32586,22870,62716,39896,52591,13524,0
431,430000,36387,21732,56304,34409,59660,15215,0
432,431000,39761,21094,47381,28744,64073,18695,0
433,432000,42296,21582,36982,23434,65529,23567,0
434,433000,43776,23472,26376,19077,63797,29324,0
435,434000,44551,26423,16671,16143,58879,35454,0
436,435000,44553,29987,8761,14730,51519,41405,0
437,436000,43068,33807,3724,15087,42330,46540,0
438,437000,40348,37412,1198,17275,32225,50243,0
439,438000,36883,40518,112,20922,22099,52379,0
440,439000,32991,42668,2900,25761,12968,52628,0
441,440000,29176,43826,9329,31259,5881,50936,0
442,441000,25792,44441,18287,36938,1453,47450,0
443,442000,23253,43923,28722,42257,6,42562,0
444,443000,21770,42015,39347,46617,1760,36790,0
445,444000,21005,39054,49044,49546,6700,30652,0
446,445000,21022,35484,56906,50946,14080,24703,0
447,446000,22523,31668,61862,50575,23281,19576,0
448,447000,25249,28074,64358,48376,33383,15887,0
449,448000,28707,24988,65480,44727,43486,13766,0
450,449000,32587,22870,62714,39894,52592,13525,0
451,450000,36388,21732,56302,34408,59661,15216,0
452,451000,39761,21096,47375,28743,64068,18699,0
453,452000,42296,21583,36979,23433,65528,23569,0
454,453000,43776,23472,26375,19076,63797,29325,0
455,454000,44551,26424,16669,16143,58877,35456,0
456,455000,44553,29989,8759,14730,51516,41406,0
457,456000,43067,33808,3724,15087,42328,46541,0
458,457000,40347,37413,1197,17276,32222,50243,0
459,458000,36882,40519,112,20923,22097,52380,0
460,459000,32990,42668,2901,25762,12966,52628,0
461,460000,29176,43826,9331,31260,5880,50935,0
462,461000,25787,44451,18274,36939,1429,47463,0
463,462000,23252,43925,28721,42258,1,42564,0
464,463000,21772,42012,39353,46617,1768,36784,0
465,464000,21004,39054,49044,49546,6700,30652,0
466,465000,21021,35485,56905,50946,14077,24704,0
467,466000,22524,31666,61864,50575,23285,19574,0
468,467000,25250,28072,64359,48375,33387,15885,0
469,468000,28708,24987,65480,44726,43488,13765,0
470,469000,32587,22871,62712,39893,52591,13527,0
471,470000,36390,21731,56302,34407,59666,15215,0
472,471000,39765,21089,47383,28742,64085,18690,0
473,472000,42297,21582,36978,23432,65531,23568,0
474,473000,43775,23474,26371,19075,63793,29328,0
475,474000,44551,26425,16667,16142,58876,35456,0
476,475000,44553,29989,8758,14730,51516,41407,0
477,476000,43067,33809,3723,15087,42325,46542,0
478,477000,40346,37415,1195,17277,32217,50246,0
479,478000,36881,40520,112,20924,22094,52380,0
480,479000,32989,42667,2903,25763,12968,52626,0
481,480000,29174,43828,9331,31261,5876,50936,0
482,481000,25785,44453,18274,36940,1424,47464,0
483,482000,23251,43925,28723,42259,2,42563,0
484,483000,21771,42011,39354,46618,1769,36783,0
485,484000,21004,39053,49046,49546,6701,30651,0
486,485000,21022,35484,56906,50946,14080,24702,0
487,486000,22524,31666,61864,50574,23287,19573,0
488,487000,25251,28071,64360,48374,33391,15884,0
489,488000,28708,24986,65480,44725,43491,13765,0
490,489000,32587,22871,62710,39892,52591,13528,0
491,490000,36391,21730,56301,34405,59668,15215,0
492,491000,39766,21088,47382,28741,64088,18690,0
493,492000,42297,21583,36976,23431,65531,23570,0
494,493000,43776,23475,26369,19075,63792,29329,0
495,494000,44551,26425,16665,16142,58875,35458,0
496,495000,44553,29990,8757,14730,51513,41408,0
497,496000,43066,33809,3722,15088,42323,46543,0
498,497000,40345,37416,1194,17278,32214,50247,0
499,498000,36880,40520,112,20925,22092,52381,0
500,499000,32989,42667,2904,25764,12966,52626,0
501,500000,29173,43828,9332,31262,5874,50936,0
502,501000,25779,44462,18263,36942,1401,47477,0
503,502000,23251,43925,28725,42260,0,42563,0
504,503000,21773,42008,39359,46618,1775,36779,0
505,504000,21003,39054,49045,49547,6698,30652,0
506,505000,21022,35483,56907,50946,14081,24702,0
507,506000,22525,31664,61866,50574,23292,19571,0
508,507000,25252,28069,64362,48374,33396,15881,0
509,508000,28710,24984,65482,44724,43496,13763,0
510,509000,32587,22871,62708,39891,52591,13529,0
511,510000,36393,21727,56304,34404,59675,15212,0
512,511000,39767,21087,47381,28739,64090,18691,0
513,512000,42298,21583,36974,23430,65530,23571,0
514,513000,43777,23474,26370,19074,63795,29328,0
515,514000,44553,26426,16661,16140,58875,35460,0
516,515000,44554,29991,8753,14728,51513,41410,0
517,516000,43065,33810,3723,15089,42321,46543,0
518,517000,40342,37418,1195,17280,32207,50248,0
519,518000,36880,40521,111,20925,22091,52382,0
520,519000,32989,42667,2906,25765,12966,52625,0
521,520000,29172,43829,9334,31264,5872,50936,0
522,521000,25779,44462,18264,36942,1402,47476,0
523,522000,23250,43925,28727,42261,0,42562,0
524,523000,21773,42008,39360,46618,1776,36778,0
525,524000,21003,39053,49047,49547,6700,30651,0
526,525000,21022,35482,56909,50946,14083,24700,0
527,526000,22526,31663,61866,50573,23295,19570,0
528,527000,25252,28068,64363,48373,33398,15881,0
529,528000,28711,24983,65481,44723,43498,13763,0
530,529000,32588,22871,62707,39890,52594,13529,0
531,530000,36393,21727,56303,34403,59676,15212,0
532,531000,39768,21087,47379,28738,64090,18692,0
533,532000,42298,21583,36972,23429,65531,23572,0
534,533000,43777,23474,26368,19074,63794,29329,0
535,534000,44551,26427,16661,16141,58871,35461,0
536,535000,44551,29992,8754,14731,51507,41412,0
537,536000,43065,33810,3722,15089,42320,46544,0
538,537000,40343,37418,1193,17279,32207,50249,0
539,538000,36878,40522,113,20927,22086,52382,0
540,539000,32987,42668,2908,25767,12963,52625,0
541,540000,29171,43829,9335,31265,5871,50936,0
542,541000,25778,44463,18267,36944,1399,47475,0
543,542000,23250,43924,28729,42262,1,42561,0
544,543000,21772,42007,39362,46620,1776,36777,0
545,544000,21003,39053,49048,49547,6701,30649,0
546,545000,21022,35482,56909,50946,14085,24699,0
547,546000,22526,31662,61867,50573,23296,19569,0
548,547000,25253,28067,64363,48372,33401,15880,0
549,548000,28712,24983,65481,44722,43500,13763,0
550,549000,32589,22870,62706,39889,52595,13529,0
551,550000,36394,21726,56300,34402,59678,15213,0
552,551000,39768,21087,47376,28737,64091,18693,0
553,552000,42298,21583,36970,23428,65530,23573,0
554,553000,43777,23475,26365,19073,63793,29331,0
555,554000,44553,26427,16656,16139,58872,35463,0
556,555000,44553,29992,8750,14728,51510,41413,0
557,556000,43064,33811,3722,15089,42317,46545,0
558,557000,40341,37420,1194,17281,32203,50249,0
559,558000,36878,40522,112,20927,22086,52382,0
560,559000,32987,42668,2908,25767,12963,52625,0
561,560000,29170,43829,9337,31266,5869,50935,0
562,561000,25782,44454,18279,36944,1421,47462,0
563,562000,23250,43923,28732,42263,3,42558,0
564,563000,21771,42009,39361,46620,1773,36779,0
565,564000,21004,39050,49053,49548,6707,30646,0
566,565000,21023,35480,56911,50946,14088,24698,0
567,566000,22526,31663,61865,50572,23296,19570,0
568,567000,25254,28068,64361,48372,33399,15882,0
569,568000,28712,24984,65479,44721,43500,13764,0
570,569000,32591,22870,62705,39888,52598,13529,0
571,570000,36394,21729,56296,34401,59672,15217,0
572,571000,39773,21079,47386,28736,64110,18682,0
573,572000,42300,21582,36969,23427,65535,23572,0
574,573000,43775,23479,26359,19072,63784,29337,0
575,574000,44553,26427,16659,16140,58872,35461,0
576,575000,44552,29992,8753,14730,51508,41412,0
577,576000,43064,33814,3718,15089,42313,46548,0
578,577000,40341,37420,1191,17280,32203,50250,0
579,578000,36876,40523,113,20929,22082,52382,0
580,579000,32986,42668,2910,25769,12961,52624,0
581,580000,29169,43830,9337,31267,5866,50936,0
582,581000,25781,44454,18282,36946,1419,47461,0
583,582000,23250,43923,28734,42264,3,42557,0
584,583000,21771,42009,39362,46621,1772,36778,0
585,584000,21004,39049,49055,49548,6709,30644,0
586,585000,21023,35479,56912,50946,14091,24696,0
587,586000,22526,31662,61865,50573,23296,19570,0
588,587000,25255,28066,64362,48371,33403,15880,0
589,588000,28713,24983,65478,44720,43502,13763,0
590,589000,32591,22869,62703,39887,52599,13530,0
591,590000,36395,21728,56294,34400,59675,15217,0
592,591000,39774,21079,47384,28735,64111,18683,0
593,592000,42300,21582,36967,23426,65533,23573,0
594,593000,43776,23479,26356,19071,63784,29338,0
595,594000,44555,26426,16655,16138,58873,35463,0
596,595000,44554,29992,8748,14728,51509,41413,0
597,596000,43062,33814,3718,15090,42310,46548,0
598,597000,40339,37421,1192,17282,32199,50251,0
599,598000,36876,40523,111,20929,22082,52382,0
600,599000,32985,42668,2910,25769,12961,52624,0
601,600000,29168,43830,9338,31269,5864,50935,0
602,601000,25781,44453,18283,36946,1421,47460,0
603,602000,23249,43922,28736,42265,3,42556,0
604,603000,21771,42008,39363,46621,1774,36777,0
605,604000,21004,39048,49056,49548,6711,30643,0
606,605000,21023,35478,56913,50946,14093,24695,0
607,606000,22527,31661,61865,50572,23299,19569,0
608,607000,25255,28066,64362,48370,33405,15880,0
609,608000,28713,24982,65478,44719,43504,13763,0
610,609000,32592,22869,62702,39886,52601,13530,0
611,610000,36395,21728,56292,34399,59675,15217,0
612,611000,39774,21079,47382,28734,64111,18684,0
613,612000,42301,21583,36964,23425,65533,23575,0
614,613000,43776,23480,26354,19071,63782,29339,0
615,614000,44555,26427,16653,16138,58872,35464,0
616,615000,44553,29993,8747,14728,51507,41414,0
617,616000,43062,33815,3717,15091,42307,46549,0
618,617000,40339,37422,1192,17283,32196,50251,0
619,618000,36875,40524,112,20930,22080,52382,0
620,619000,32985,42668,2911,25771,12959,52623,0
621,620000,29168,43830,9341,31270,5864,50935,0
622,621000,25781,44453,18286,36947,1420,47459,0
623,622000,23249,43922,28739,42266,3,42554,0
624,623000,21771,42008,39366,46622,1774,36776,0
625,624000,21004,39048,49059,49549,6712,30642,0
626,625000,21024,35478,56915,50946,14094,24694,0
627,626000,22528,31661,61866,50571,23301,19568,0
628,627000,25256,28065,64363,48370,33407,15879,0
629,628000,28714,24982,65478,44719,43506,13763,0
630,629000,32593,22869,62701,39884,52602,13530,0
631,630000,36396,21728,56290,34398,59676,15218,0
632,631000,39771,21087,47368,28733,64093,18696,0
633,632000,42300,21584,36960,23424,65530,23578,0
634,633000,43777,23478,26355,19070,63787,29337,0
635,634000,44554,26429,16649,16137,58868,35467,0
636,635000,44552,29995,8745,14728,51503,41417,0
637,636000,43062,33815,3718,15091,42307,46549,0
638,637000,40338,37421,1193,17284,32197,50250,0
639,638000,36875,40524,113,20931,22079,52382,0
640,639000,32983,42669,2912,25772,12956,52624,0
641,640000,29168,43829,9345,31271,5867,50931,0
642,641000,25776,44462,18276,36948,1399,47471,0
643,642000,23248,43923,28740,42267,1,42555,0
644,643000,21772,42004,39372,46622,1783,36770,0
645,644000,21003,39049,49057,49549,6708,30644,0
646,645000,21023,35478,56915,50946,14094,24694,0
647,646000,22529,31658,61869,50571,23307,19565,0
648,647000,25256,28064,64364,48369,33410,15878,0
649,648000,28715,24980,65479,44718,43510,13762,0
650,649000,32593,22869,62700,39884,52603,13531,0
651,650000,36398,21725,56291,34396,59682,15216,0
652,651000,39772,21087,47366,28731,64093,18697,0
653,652000,42300,21585,36958,23423,65529,23579,0
654,653000,43778,23477,26354,19070,63788,29337,0
655,654000,44554,26430,16647,16137,58866,35469,0
656,655000,44552,29996,8743,14728,51500,41418,0
657,656000,43062,33815,3718,15091,42307,46549,0
658,657000,40337,37423,1191,17285,32193,50252,0
659,658000,36874,40524,113,20932,22077,52382,0
660,659000,32983,42669,2914,25773,12955,52623,0
661,660000,29167,43829,9346,31272,5865,50931,0
662,661000,25780,44453,18290,36950,1419,47457,0
663,662000,23248,43921,28743,42267,4,42552,0
664,663000,21771,42006,39371,46623,1778,36773,0
665,664000,21004,39047,49061,49549,6714,30640,0
666,665000,21024,35477,56916,50946,14097,24692,0
667,666000,22529,31659,61867,50570,23306,19566,0
668,667000,25257,28065,64362,48368,33409,15879,0
669,668000,28716,24981,65477,44717,43509,13763,0
670,669000,32594,22868,62699,39882,52606,13530,0
671,670000,36397,21728,56287,34396,59677,15220,0
672,671000,39776,21079,47375,28731,64112,18687,0
673,672000,42302,21583,36958,23422,65534,23577,0
674,673000,43777,23482,26348,19069,63780,29343,0
675,674000,44555,26429,16648,16137,58868,35467,0
676,675000,44553,29995,8744,14728,51502,41417,0
677,676000,43061,33818,3715,15092,42301,46552,0
678,677000,40337,37423,1191,17285,32190,50252,0
679,678000,36873,40525,113,20933,22075,52382,0
680,679000,32982,42669,2915,25774,12955,52622,0
681,680000,29166,43831,9346,31273,5861,50932,0
682,681000,25779,44453,18292,36951,1419,47456,0
683,682000,23248,43921,28745,42268,4,42551,0
684,683000,21771,42006,39371,46623,1777,36772,0
685,684000,21004,39046,49063,49550,6716,30638,0
686,685000,21025,35475,56918,50946,14100,24691,0
687,686000,22529,31658,61867,50570,23307,19566,0
688,687000,25258,28063,64363,48368,33413,15878,0
689,688000,28717,24980,65477,44716,43511,13763,0
690,689000,32595,22868,62698,39881,52607,13531,0
691,690000,36398,21727,56286,34394,59679,15220,0
692,691000,39773,21087,47362,28729,64094,18699,0
693,692000,42302,21585,36954,23422,65529,23581,0
694,693000,43778,23480,26349,19068,63784,29341,0
695,694000,44555,26431,16644,16136,58864,35470,0
696,695000,44552,29997,8741,14728,51498,41420,0
697,696000,43060,33817,3716,15092,42301,46551,0
698,697000,40337,37423,1192,17286,32191,50251,0
699,698000,36873,40525,114,20934,22074,52382,0
700,699000,32981,42670,2915,25775,12951,52623,0
701,700000,29166,43829,9350,31274,5864,50929,0
702,701000,25779,44453,18294,36952,1419,47455,0
703,702000,23248,43921,28747,42269,4,42550,0
704,703000,21771,42004,39375,46624,1780,36770,0
705,704000,21004,39045,49064,49550,6717,30637,0
706,705000,21024,35475,56918,50946,14100,24691,0
707,706000,22530,31657,61868,50570,23310,19564,0
708,707000,25258,28063,64362,48367,33413,15879,0
709,708000,28717,24980,65476,44715,43512,13763,0
710,709000,32596,22867,62697,39880,52609,13531,0
711,710000,36398,21728,56283,34393,59679,15221,0
712,711000,39777,21079,47372,28728,64113,18688,0
713,712000,42303,21584,36954,23421,65533,23580,0
714,713000,43777,23483,26343,19068,63778,29346,0
715,714000,44556,26430,16644,16136,58866,35470,0
716,715000,44552,29997,8741,14728,51499,41419,0
717,716000,43059,33819,3714,15093,42297,46553,0
718,717000,40336,37425,1190,17287,32186,50253,0
719,718000,36872,40526,113,20934,22071,52383,0
720,719000,32981,42669,2917,25776,12952,52622,0
721,720000,29164,43831,9349,31275,5859,50931,0
722,721000,25778,44453,18296,36953,1418,47455,0
723,722000,23248,43920,28749,42270,5,42549,0
724,723000,21771,42005,39375,46625,1779,36770,0
725,724000,21004,39044,49066,49550,6718,30636,0
726,725000,21025,35474,56920,50946,14103,24689,0
727,726000,22530,31657,61868,50569,23311,19564,0
728,727000,25259,28062,64363,48366,33416,15877,0
729,728000,28718,24979,65477,44714,43515,13763,0
730,729000,32596,22867,62696,39879,52609,13531,0
731,730000,36399,21727,56283,34392,59681,15221,0
732,731000,39774,21087,47359,28727,64095,18700,0
733,732000,42302,21586,36950,23420,65529,23583,0
734,733000,43779,23481,26345,19067,63783,29343,0
735,734000,44555,26433,16641,16135,58861,35473,0
736,735000,44552,29999,8739,14728,51494,41422,0
737,736000,43059,33819,3715,15093,42297,46553,0
738,737000,40335,37424,1192,17287,32186,50252,0
739,738000,36871,40526,115,20935,22070,52382,0
740,739000,32980,42670,2918,25777,12949,52622,0
741,740000,29165,43829,9353,31276,5862,50928,0
742,741000,25778,44453,18297,36954,1418,47454,0
743,742000,23247,43920,28751,42271,4,42548,0
744,743000,21771,42003,39378,46625,1782,36768,0
745,744000,21004,39044,49067,49551,6719,30635,0
746,745000,21025,35474,56920,50946,14103,24689,0
747,746000,22531,31656,61869,50569,23314,19563,0
748,747000,25260,28062,64362,48366,33417,15878,0
749,748000,28719,24979,65475,44713,43516,13763,0
750,749000,32598,22867,62695,39878,52611,13531,0
751,750000,36400,21727,56281,34391,59681,15222,0
752,751000,39779,21078,47368,28726,64114,18690,0
753,752000,42304,21584,36950,23419,65533,23582,0
754,753000,43778,23484,26340,19066,63776,29348,0
755,754000,44556,26432,16641,16135,58863,35472,0
756,755000,44552,29998,8739,14728,51495,41421,0
757,756000,43059,33820,3713,15093,42293,46555,0
758,757000,40334,37426,1190,17288,32182,50254,0
759,758000,36870,40527,115,20936,22067,52383,0
760,759000,32980,42669,2920,25778,12949,52621,0
761,760000,29163,43831,9352,31277,5857,50930,0
762,761000,25778,44453,18300,36955,1418,47453,0
763,762000,23247,43920,28753,42272,6,42546,0
764,763000,21771,42004,39379,46626,1781,36768,0
765,764000,21004,39043,49069,49551,6721,30634,0
766,765000,21026,35472,56922,50946,14107,24687,0
767,766000,22531,31656,61869,50569,23315,19563,0
768,767000,25261,28061,64363,48365,33420,15876,0
769,768000,28720,24978,65476,44712,43518,13762,0
770,769000,32598,22867,62693,39877,52612,13532,0
771,770000,36401,21727,56280,34390,59683,15222,0
772,771000,39775,21087,47355,28725,64096,18702,0
773,772000,42303,21586,36946,23418,65528,23585,0
774,773000,43779,23482,26341,19066,63781,29346,0
775,774000,44555,26434,16638,16135,58859,35475,0
776,775000,44552,30000,8737,14728,51491,41424,0
777,776000,43059,33820,3714,15094,42293,46554,0
778,777000,40334,37426,1191,17289,32182,50253,0
779,778000,36870,40527,116,20937,22067,52382,0
780,779000,32978,42671,2920,25779,12946,52622,0
781,780000,29164,43829,9357,31278,5861,50927,0
782,781000,25777,44453,18303,36956,1418,47451,0
783,782000,23247,43920,28756,42273,5,42546,0
784,783000,21771,42002,39383,46626,1784,36765,0
785,784000,21004,39043,49071,49551,6722,30633,0
786,785000,21026,35472,56923,50946,14107,24687,0
787,786000,22532,31655,61871,50568,23318,19561,0
788,787000,25261,28061,64363,48364,33421,15877,0
789,788000,28720,24978,65476,44711,43519,13763,0
790,789000,32599,22866,62694,39876,52614,13532,0
791,790000,36401,21727,56278,34389,59683,15223,0
792,791000,39776,21087,47353,28724,64096,18703,0
793,792000,42304,21586,36944,23417,65529,23586,0
794,793000,43779,23483,26339,19065,63780,29347,0
795,794000,44556,26435,16636,16134,58857,35476,0
796,795000,44551,30001,8736,14728,51489,41425,0
797,796000,43058,33821,3713,15094,42291,46555,0
798,797000,40333,37426,1191,17290,32180,50254,0
799,798000,36869,40527,116,20938,22065,52382,0
800,799000,32978,42671,2922,25780,12944,52621,0
801,800000,29163,43829,9359,31280,5860,50926,0
802,801000,25776,44453,18304,36957,1417,47451,0
803,802000,23247,43919,28758,42274,6,42545,0
804,803000,21771,42002,39385,46627,1785,36764,0
805,804000,21004,39042,49073,49552,6723,30632,0
806,805000,21026,35472,56923,50946,14108,24686,0
807,806000,22533,31654,61871,50568,23320,19561,0
808,807000,25261,28060,64363,48363,33422,15876,0
809,808000,28721,24978,65475,44711,43521,13763,0
810,809000,32600,22866,62692,39875,52616,13532,0
811,810000,36402,21727,56276,34388,59684,15224,0
812,811000,39780,21078,47363,28723,64116,18692,0
813,812000,42305,21585,36944,23416,65532,23585,0
814,813000,43778,23485,26334,19064,63774,29351,0
815,814000,44556,26434,16636,16134,58859,35476,0
816,815000,44552,30001,8736,14728,51490,41425,0
817,816000,43057,33822,3711,15094,42287,46557,0
818,817000,40332,37428,1189,17290,32176,50255,0
819,818000,36868,40528,115,20939,22062,52383,0
820,819000,32977,42670,2923,25781,12945,52620,0
821,820000,29161,43831,9358,31281,5855,50928,0
822,821000,25776,44453,18306,36958,1417,47450,0
823,822000,23246,43919,28760,42274,7,42543,0
824,823000,21771,42002,39385,46628,1783,36764,0
825,824000,21004,39041,49075,49552,6725,30630,0
826,825000,21026,35470,56925,50946,14112,24684,0
827,826000,22533,31654,61871,50568,23320,19561,0
828,827000,25262,28059,64365,48363,33426,15875,0
829,828000,28722,24977,65475,44710,43524,13762,0
830,829000,32600,22866,62691,39874,52617,13532,0
831,830000,36403,21726,56275,34387,59686,15224,0
832,831000,39777,21087,47349,28722,64097,18705,0
833,832000,42304,21587,36939,23415,65528,23589,0
834,833000,43780,23483,26335,19064,63779,29349,0
835,834000,44556,26436,16632,16134,58855,35479,0
836,835000,44551,30002,8733,14728,51485,41427,0
837,836000,43057,33822,3711,15095,42287,46557,0
838,837000,40332,37428,1190,17291,32176,50255,0
839,838000,36867,40528,116,20940,22061,52383,0
840,839000,32976,42671,2923,25782,12941,52621,0
841,840000,29162,43829,9362,31282,5858,50925,0
842,841000,25775,44452,18308,36959,1418,47448,0
843,842000,23246,43919,28762,42275,6,42542,0
844,843000,21771,42001,39388,46628,1786,36762,0
845,844000,21004,39041,49076,49552,6726,30629,0
846,845000,21026,35470,56925,50946,14112,24684,0
847,846000,22533,31652,61872,50567,23323,19559,0
848,847000,25263,28059,64363,48362,33426,15876,0
849,848000,28722,24977,65474,44709,43525,13763,0
850,849000,32601,22865,62690,39873,52619,13532,0
851,850000,36403,21727,56272,34386,59686,15225,0
852,851000,39777,21087,47347,28721,64097,18706,0
853,852000,42305,21587,36937,23414,65528,23589,0
854,853000,43780,23484,26332,19063,63777,29351,0
855,854000,44556,26437,16630,16133,58853,35480,0
856,855000,44551,30003,8732,14728,51484,41428,0
857,856000,43056,33823,3711,15095,42285,46558,0
858,857000,40331,37428,1190,17292,32174,50255,0
859,858000,36867,40529,117,20941,22059,52383,0
860,859000,32975,42672,2925,25784,12940,52620,0
861,860000,29161,43829,9364,31283,5857,50924,0
862,861000,25775,44453,18310,36960,1417,47448,0
863,862000,23246,43918,28764,42276,7,42541,0
864,863000,21771,42000,39390,46629,1787,36761,0
865,864000,21004,39040,49077,49553,6727,30628,0
866,865000,21026,35469,56926,50946,14114,24683,0
867,866000,22534,31652,61872,50567,23325,19558,0
868,867000,25263,28059,64364,48361,33428,15875,0
869,868000,28723,24976,65474,44708,43526,13762,0
870,869000,32602,22865,62689,39872,52620,13533,0
871,870000,36404,21726,56271,34385,59687,15226,0
872,871000,39778,21086,47345,28720,64098,18707,0
873,872000,42305,21587,36935,23413,65528,23591,0
874,873000,43780,23485,26330,19062,63776,29352,0
875,874000,44556,26437,16629,16133,58852,35481,0
876,875000,44551,30004,8731,14728,51482,41429,0
877,876000,43056,33824,3710,15096,42283,46559,0
878,877000,40331,37429,1189,17292,32172,50255,0
879,878000,36866,40529,117,20942,22058,52383,0
880,879000,32975,42671,2926,25785,12939,52620,0
881,880000,29160,43829,9365,31284,5856,50923,0
882,881000,25775,44452,18312,36961,1416,47447,0
883,882000,23246,43918,28766,42277,7,42540,0
884,883000,21771,41999,39392,46629,1788,36759,0
885,884000,21004,39040,49079,49553,6728,30627,0
886,885000,21027,35469,56927,50946,14115,24682,0
887,886000,22535,31651,61872,50566,23327,19558,0
888,887000,25264,28058,64364,48361,33430,15875,0
889,888000,28724,24976,65474,44707,43528,13762,0
890,889000,32603,22865,62688,39871,52622,13533,0
891,890000,36405,21726,56269,34384,59688,15227,0
892,891000,39779,21087,47343,28719,64098,18707,0
893,892000,42306,21588,36933,23412,65528,23592,0
894,893000,43781,23485,26328,19062,63775,29353,0
895,894000,44556,26438,16627,16133,58851,35482,0
896,895000,44551,30004,8729,14728,51481,41430,0
897,896000,43056,33825,3709,15096,42281,46559,0
898,897000,40330,37429,1189,17293,32170,50256,0
899,898000,36865,40529,117,20943,22056,52383,0
900,899000,32974,42672,2927,25786,12937,52620,0
901,900000,29160,43829,9367,31285,5855,50923,0
902,901000,25774,44452,18314,36962,1416,47446,0
903,902000,23245,43918,28768,42278,7,42539,0
904,903000,21771,41999,39394,46630,1789,36758,0
905,904000,21004,39039,49080,49553,6729,30626,0
906,905000,21027,35468,56928,50946,14117,24681,0
907,906000,22535,31650,61873,50566,23329,19557,0
908,907000,25265,28058,64364,48360,33432,15874,0
909,908000,28724,24976,65473,44706,43530,13762,0
910,909000,32603,22865,62687,39870,52623,13533,0
911,910000,36405,21726,56267,34383,59688,15227,0
912,911000,39779,21087,47341,28718,64098,18708,0
913,912000,42306,21588,36931,23412,65527,23593,0
914,913000,43781,23486,26326,19061,63774,29354,0
915,914000,44556,26439,16625,16132,58849,35483,0
916,915000,44550,30005,8728,14728,51479,41431,0
917,916000,43055,33826,3708,15096,42279,46560,0
918,917000,40329,37430,1189,17294,32168,50256,0
919,918000,36865,40530,118,20944,22054,52383,0
920,919000,32973,42672,2928,25787,12936,52620,0
921,920000,29159,43829,9369,31286,5855,50922,0
922,921000,25774,44452,18316,36963,1416,47445,0
923,922000,23245,43917,28770,42279,8,42538,0
924,923000,21771,41999,39395,46631,1790,36757,0
925,924000,21004,39038,49082,49554,6730,30625,0
926,925000,21027,35467,56929,50946,14119,24680,0
927,926000,22536,31649,61873,50566,23331,19556,0
928,927000,25265,28057,64364,48359,33434,15874,0
929,928000,28725,24975,65473,44705,43532,13762,0
930,929000,32604,22864,62685,39869,52624,13533,0
931,930000,36406,21726,56266,34381,59689,15228,0
932,931000,39780,21086,47340,28717,64099,18709,0
933,932000,42307,21588,36929,23411,65527,23594,0
934,933000,43781,23486,26325,19061,63774,29356,0
935,934000,44556,26439,16624,16132,58848,35484,0
936,935000,44550,30006,8728,14728,51477,41432,0
937,936000,43055,33826,3709,15097,42277,46561,0
938,937000,40329,37431,1189,17295,32166,50257,0
939,938000,36864,40530,119,20945,22052,52383,0
940,939000,32972,42672,2930,25788,12934,52619,0
941,940000,29158,43829,9371,31287,5854,50921,0
942,941000,25773,44452,18319,36964,1416,47444,0
943,942000,23245,43917,28773,42280,8,42537,0
944,943000,21771,41998,39398,46631,1791,36756,0
945,944000,21004,39038,49084,49554,6732,30624,0
946,945000,21027,35466,56931,50946,14121,24679,0
947,946000,22536,31649,61874,50565,23333,19555,0
948,947000,25266,28056,64365,48359,33436,15874,0
949,948000,28726,24975,65473,44704,43533,13762,0
950,949000,32605,22864,62685,39868,52626,13534,0
951,950000,36407,21726,56265,34380,59690,15228,0
952,951000,39780,21087,47338,28716,64099,18710,0
953,952000,42307,21589,36927,23410,65527,23595,0
954,953000,43781,23487,26323,19060,63773,29357,0
955,954000,44556,26440,16622,16132,58847,35486,0
956,955000,44550,30007,8726,14728,51475,41433,0
957,956000,43054,33827,3708,15097,42275,46562,0
958,957000,40328,37431,1189,17295,32164,50257,0
959,958000,36863,40531,119,20946,22050,52383,0
960,959000,32971,42673,2931,25789,12933,52619,0
961,960000,29158,43829,9373,31288,5853,50921,0
962,961000,25772,44452,18320,36965,1416,47443,0
963,962000,23244,43916,28775,42280,8,42536,0
964,963000,21771,41997,39400,46632,1792,36755,0
965,964000,21004,39037,49086,49554,6733,30623,0
966,965000,21028,35466,56932,50946,14122,24678,0
967,966000,22536,31648,61874,50565,23335,19555,0
968,967000,25267,28056,64365,48358,33438,15873,0
969,968000,28727,24974,65473,44704,43535,13762,0
970,969000,32606,22864,62684,39867,52627,13534,0
971,970000,36408,21726,56263,34379,59691,15229,0
972,971000,39781,21087,47336,28715,64100,18711,0
973,972000,42307,21589,36925,23409,65527,23596,0
974,973000,43782,23487,26321,19059,63772,29358,0
975,974000,44557,26441,16620,16131,58845,35487,0
976,975000,44550,30008,8725,14728,51474,41434,0
977,976000,43054,33828,3707,15097,42273,46562,0
978,977000,40328,37432,1189,17296,32162,50258,0
979,978000,36862,40531,119,20947,22048,52383,0
980,979000,32971,42673,2932,25790,12931,52619,0
981,980000,29157,43829,9374,31289,5852,50920,0
982,981000,25772,44452,18322,36966,1415,47442,0
983,982000,23244,43916,28777,42281,8,42535,0
984,983000,21771,41997,39401,46632,1793,36754,0
985,984000,21004,39036,49087,49555,6734,30622,0
986,985000,21028,35465,56933,50946,14124,24677,0
987,986000,22537,31647,61875,50564,23337,19554,0
988,987000,25267,28055,64365,48357,33440,15873,0
989,988000,28727,24974,65472,44703,43537,13762,0
990,989000,32606,22863,62683,39866,52629,13534,0
991,990000,36408,21725,56261,34378,59692,15230,0
992,991000,39781,21086,47334,28714,64100,18712,0
993,992000,42308,21589,36923,23408,65527,23597,0
994,993000,43782,23488,26319,19059,63771,29359,0
995,994000,44557,26441,16618,16131,58845,35488,0
996,995000,44549,30008,8724,14729,51471,41435,0
997,996000,43053,33828,3706,15098,42271,46563,0
998,997000,40327,37432,1188,17296,32161,50258,0
999,998000,36861,40532,120,20948,22046,52383,0
1000,999000,32970,42673,2933,25791,12930,52618,0
1001,1000000,29156,43829,9376,31291,5851,50919,0
1002,1001000,24890,45336,18316,37770,7526,48309,1
1003,1002000,5694,61067,28785,56632,25180,58060,1
1004,1003000,360,62944,39397,64213,29513,55778,1
1005,1004000,2103,57541,49130,65004,34023,47281,1
1006,1005000,4557,51570,56964,64354,35194,39155,1
1007,1006000,12214,41755,61825,58842,36417,28571,1
1008,1007000,22776,30569,64128,50224,36696,18126,1
1009,1008000,31809,21974,65414,42086,35860,10982,1
1010,1009000,44492,11301,62566,30104,37426,3053,1
1011,1010000,53389,5024,56632,20656,35052,0,1
1012,1011000,59474,1737,47642,12727,34437,1116,1
1013,1012000,64199,201,36839,5486,34620,4299,1
1014,1013000,64982,2811,26041,1649,32595,10809,1
1015,1014000,64299,7118,16540,0,31749,18118,1
1016,1015000,59844,15037,8743,2297,30451,27967,1
1017,1016000,51854,25145,3923,8059,28851,38746,1
1018,1017000,42978,34821,1241,15209,29141,47961,1
1019,1018000,32697,44597,124,24393,28998,56121,1
1020,1019000,21797,53605,2846,34915,28815,62593,1
1021,1020000,12799,59854,9173,44606,29756,65535,1
1022,1021000,5574,64257,18076,53383,30643,65446,1
1023,1022000,1356,65304,28823,60172,31614,61834,1
1024,1023000,225,63023,39616,64308,32935,55647,1
1025,1024000,1478,58101,49257,65535,34014,47735,1
1026,1025000,5892,50298,56833,63207,35261,38032,1
1027,1026000,13588,40403,61820,57784,36259,27398,1
1028,1027000,22791,30453,64391,50322,36579,17953,1
1029,1028000,33045,20724,65535,41141,36690,9839,1
1030,1029000,43544,12183,62675,30889,36666,3822,1
1031,1030000,52794,5729,56285,20981,35981,697,1
1032,1031000,60073,1218,47487,12183,35055,666,1
1033,1032000,64299,29,37041,5477,33817,4091,1
1034,1033000,65374,2374,26185,1360,32640,10365,1
1035,1034000,63873,7559,16476,323,31409,18539,1
1036,1035000,59559,15328,8708,2526,30304,28260,1
1037,1036000,52206,24856,3787,7716,29425,38520,1
1038,1037000,42766,35046,1209,15367,28923,48180,1
1039,1038000,32391,44943,0,24609,28782,56476,1
1040,1039000,22122,53290,2845,34659,29037,62303,1
1041,1040000,12797,59795,9345,44659,29588,65423,1
1042,1041000,5524,64235,18268,53489,30481,65381,1
1043,1042000,1151,65535,28748,60321,31659,62073,1
1044,1043000,26,63288,39430,64417,32940,55944,1
1045,1044000,1734,57880,49176,65301,34260,47551,1
1046,1045000,6083,50053,56999,63106,35271,37755,1
1047,1046000,13389,40585,61854,57959,36121,27549,1
1048,1047000,22807,30452,64348,50301,36636,17962,1
1049,1048000,33170,20610,65512,41034,36804,9739,1
1050,1049000,43532,12164,62773,30933,36570,3773,1
1051,1050000,52773,5728,56352,21020,35954,677,1
1052,1051000,59976,1345,47399,12234,35054,810,1
1053,1052000,64354,14,36936,5396,33918,4105,1
1054,1053000,65510,2206,26278,1276,32648,10183,1
1055,1054000,63848,7557,16555,368,31322,18516,1
1056,1055000,59486,15413,8677,2575,30275,28348,1
1057,1056000,52207,24887,3708,7690,29459,38574,1
1058,1057000,42813,35009,1192,15325,28933,48154,1
1059,1058000,32454,44858,70,24582,28768,56379,1
1060,1059000,22054,53358,2844,34715,28984,62368,1
1061,1060000,12772,59842,9281,44661,29604,65487,1
1062,1061000,5549,64216,18254,53467,30501,65368,1
1063,1062000,1163,65519,28762,60318,31650,62055,1
1064,1063000,10,63310,39419,64431,32934,55967,1
1065,1064000,1712,57916,49148,65315,34264,47591,1
1066,1065000,6089,50054,56984,63100,35295,37759,1
1067,1066000,13402,40564,61877,57959,36121,27521,1
1068,1067000,22792,30464,64352,50318,36634,17969,1
1069,1068000,33147,20634,65510,41055,36802,9758,1
1070,1069000,43531,12161,62784,30938,36582,3765,1
1071,1070000,52771,5726,56373,21029,35953,666,1
1072,1071000,59969,1356,47395,12239,35043,819,1
1073,1072000,64360,10,36936,5393,33918,4100,1
1074,1073000,65530,2180,26299,1266,32657,10152,1
1075,1074000,63852,7546,16572,369,31315,18502,1
1076,1075000,59501,15398,8680,2564,30274,28334,1
1077,1076000,52214,24885,3696,7679,29455,38578,1
1078,1077000,42836,34988,1193,15305,28940,48136,1
1079,1078000,32471,44841,77,24569,28764,56363,1
1080,1079000,22056,53360,2835,34711,28975,62375,1
1081,1080000,12776,59846,9259,44651,29606,65500,1
1082,1081000,5556,64217,18231,53455,30500,65378,1
1083,1082000,1169,65518,28750,60312,31651,62058,1
1084,1083000,7,63314,39422,64437,32928,55970,1
1085,1084000,1696,57941,49129,65326,34260,47620,1
1086,1085000,6078,50073,56968,63107,35298,37780,1
1087,1086000,13395,40571,61877,57967,36125,27525,1
1088,1087000,22777,30475,64359,50335,36631,17974,1
1089,1088000,33127,20649,65519,41075,36799,9767,1
1090,1089000,43513,12178,62785,30954,36583,3779,1
1091,1090000,52768,5726,56381,21034,35960,661,1
1092,1091000,59971,1344,47429,12247,35054,793,1
1093,1092000,64358,4,36959,5400,33920,4086,1
1094,1093000,65529,2178,26306,1268,32655,10148,1
1095,1094000,63862,7531,16581,361,31320,18485,1
1096,1095000,59516,15378,8690,2552,30279,28313,1
1097,1096000,52228,24869,3703,7668,29453,38561,1
1098,1097000,42848,34978,1191,15292,28937,48129,1
1099,1098000,32486,44830,70,24553,28764,56358,1
1100,1099000,22071,53350,2825,34695,28976,62370,1
1101,1100000,12787,59840,9244,44638,29601,65501,1
1102,1101000,5560,64217,18214,53447,30497,65386,1
1103,1102000,1169,65523,28733,60307,31649,62070,1
1104,1103000,3,63324,39405,64436,32925,55985,1
1105,1104000,1689,57953,49117,65330,34259,47635,1
1106,1105000,6067,50087,56961,63115,35298,37795,1
1107,1106000,13379,40588,61873,57980,36124,27541,1
1108,1107000,22761,30490,64358,50349,36632,17985,1
1109,1108000,33110,20662,65523,41092,36799,9776,1
1110,1109000,43498,12189,62793,30969,36584,3784,1
1111,1110000,52758,5731,56396,21047,35963,659,1
1112,1111000,59964,1346,47447,12258,35056,787,1
1113,1112000,64356,2,36975,5406,33921,4077,1
1114,1113000,65532,2170,26322,1269,32657,10135,1
1115,1114000,63868,7520,16593,357,31321,18471,1
1116,1115000,59528,15363,8699,2544,30280,28296,1
1117,1116000,52242,24853,3708,7657,29453,38546,1
1118,1117000,42863,34963,1193,15278,28938,48117,1
1119,1118000,32502,44817,66,24537,28764,56349,1
1120,1119000,22086,53339,2815,34679,28975,62365,1
1121,1120000,12799,59833,9231,44624,29600,65500,1
1122,1121000,5567,64215,18199,53436,30494,65391,1
1123,1122000,1171,65527,28715,60300,31647,62080,1
1124,1123000,0,63332,39390,64434,32924,55998,1
1125,1124000,1684,57964,49103,65332,34258,47649,1
1126,1125000,6057,50101,56953,63123,35296,37810,1
1127,1126000,13364,40604,61869,57991,36123,27556,1
1128,1127000,22746,30505,64354,50362,36632,17999,1
1129,1128000,33095,20675,65525,41106,36800,9785,1
1130,1129000,43484,12199,62802,30984,36585,3789,1
1131,1130000,52747,5738,56409,21061,35964,660,1
1132,1131000,59956,1350,47462,12269,35058,783,1
1133,1132000,64353,0,36990,5413,33923,4069,1
1134,1133000,65534,2163,26336,1271,32659,10123,1
1135,1134000,63873,7510,16606,356,31322,18457,1
1136,1135000,59537,15350,8707,2538,30281,28282,1
1137,1136000,52254,24839,3712,7647,29454,38532,1
1138,1137000,42878,34949,1195,15266,28938,48104,1
1139,1138000,32517,44804,64,24523,28764,56339,1
1140,1139000,22099,53329,2808,34665,28974,62359,1
1141,1140000,12810,59826,9220,44612,29599,65499,1
1142,1141000,5574,64212,18185,53426,30493,65394,1
1143,1142000,1174,65528,28700,60293,31645,62087,1
1144,1143000,0,63337,39376,64431,32922,56007,1
1145,1144000,1680,57974,49092,65333,34257,47662,1
1146,1145000,6048,50113,56945,63128,35295,37824,1
1147,1146000,13353,40617,61865,58000,36122,27569,1
1148,1147000,22733,30519,64352,50373,36632,18010,1
1149,1148000,33081,20687,65526,41119,36800,9794,1
1150,1149000,43471,12209,62808,30997,36586,3795,1
1151,1150000,52736,5745,56418,21073,35965,662,1
1152,1151000,59948,1354,47474,12279,35059,781,1
1153,1152000,64350,0,37003,5420,33925,4063,1
1154,1153000,65535,2159,26349,1275,32660,10114,1
1155,1154000,63876,7502,16617,355,31323,18446,1
1156,1155000,59543,15340,8715,2534,30282,28270,1
1157,1156000,52264,24828,3716,7640,29455,38520,1
1158,1157000,42889,34938,1198,15256,28938,48094,1
1159,1158000,32529,44793,64,24512,28764,56330,1
1160,1159000,22110,53321,2803,34653,28973,62353,1
1161,1160000,12819,59820,9213,44601,29598,65496,1
1162,1161000,5581,64209,18174,53417,30490,65397,1
1163,1162000,1178,65528,28689,60286,31644,62091,1
1164,1163000,0,63340,39366,64427,32921,56014,1
1165,1164000,1677,57980,49082,65332,34256,47671,1
1166,1165000,6043,50122,56938,63131,35294,37834,1
1167,1166000,13345,40627,61862,58005,36121,27580,1
1168,1167000,22723,30529,64350,50381,36631,18020,1
1169,1168000,33071,20697,65527,41129,36800,9802,1
1170,1169000,43461,12217,62812,31007,36586,3801,1
1171,1170000,52727,5751,56426,21082,35966,665,1
1172,1171000,59942,1357,47484,12288,35061,780,1
1173,1172000,64346,1,37014,5427,33926,4060,1
1174,1173000,65534,2157,26359,1279,32661,10109,1
1175,1174000,63877,7498,16627,357,31323,18438,1
1176,1175000,59547,15334,8722,2532,30283,28261,1
1177,1176000,52270,24820,3720,7636,29455,38511,1
1178,1177000,42897,34929,1201,15250,28939,48085,1
1179,1178000,32537,44785,66,24505,28764,56323,1
1180,1179000,22119,53314,2803,34645,28973,62347,1
1181,1180000,12827,59814,9208,44592,29597,65493,1
1182,1181000,5587,64205,18167,53409,30489,65396,1
1183,1182000,1182,65526,28682,60279,31643,62093,1
1184,1183000,1,63341,39358,64423,32920,56018,1
1185,1184000,1677,57983,49075,65330,34255,47677,1
1186,1185000,6041,50127,56932,63131,35293,37841,1
1187,1186000,13342,40633,61858,58008,36121,27587,1
1188,1187000,22718,30536,64348,50386,36631,18027,1
1189,1188000,33065,20704,65525,41134,36800,9809,1
1190,1189000,43454,12223,62812,31014,36586,3807,1
1191,1190000,52721,5756,56429,21089,35966,669,1
1192,1191000,59937,1362,47488,12294,35061,782,1
1193,1192000,64342,4,37020,5433,33927,4060,1
1194,1193000,65532,2158,26365,1283,32662,10107,1
1195,1194000,63877,7497,16633,360,31324,18435,1
1196,1195000,59548,15331,8727,2534,30284,28256,1
1197,1196000,52272,24816,3723,7636,29456,38506,1
1198,1197000,42901,34925,1203,15248,28939,48080,1
1199,1198000,32542,44780,68,24501,28765,56317,1
1200,1199000,22125,53309,2804,34640,28974,62341,1
1201,1200000,12833,59810,9207,44587,29597,65488,1
1202,1201000,5592,64202,18164,53404,30488,65394,1
1203,1202000,1187,65523,28678,60274,31642,62091,1
1204,1203000,5,63338,39354,64418,32920,56017,1
1205,1204000,1680,57982,49070,65326,34255,47678,1
1206,1205000,6043,50127,56928,63128,35292,37844,1
1207,1206000,13341,40635,61855,58006,36120,27591,1
1208,1207000,22716,30539,64346,50386,36631,18031,1
1209,1208000,33062,20708,65521,41136,36799,9814,1
1210,1209000,43450,12227,62809,31016,36585,3812,1
1211,1210000,52717,5760,56428,21092,35967,673,1
1212,1211000,59932,1366,47489,12299,35062,786,1
1213,1212000,64338,8,37020,5437,33926,4064,1
1214,1213000,65528,2162,26367,1288,32662,10109,1
1215,1214000,63873,7500,16635,364,31324,18437,1
1216,1215000,59545,15333,8730,2538,30284,28256,1
1217,1216000,52270,24816,3726,7639,29457,38504,1
1218,1217000,42900,34924,1204,15250,28940,48078,1
1219,1218000,32543,44779,72,24502,28765,56314,1
1220,1219000,22127,53306,2808,34640,28974,62337,1
1221,1220000,12836,59807,9210,44585,29596,65484,1
1222,1221000,5605,64182,18186,53400,30510,65368,1
1223,1222000,1192,65516,28682,60270,31647,62083,1
1224,1223000,8,63337,39349,64413,32914,56018,1
1225,1224000,1687,57974,49072,65320,34256,47670,1
1226,1225000,6047,50124,56928,63124,35296,37841,1
1227,1226000,13344,40635,61851,58002,36119,27593,1
1228,1227000,22718,30539,64342,50382,36628,18034,1
1229,1228000,33061,20711,65514,41134,36797,9820,1
1230,1229000,43451,12227,62805,31014,36587,3814,1
1231,1230000,52713,5766,56418,21093,35962,682,1
1232,1231000,59918,1388,47462,12303,35037,816,1
1233,1232000,64331,17,37013,5442,33921,4075,1
1234,1233000,65524,2167,26368,1294,32667,10113,1
1235,1234000,63866,7509,16633,371,31323,18444,1
1236,1235000,59539,15339,8730,2543,30281,28261,1
1237,1236000,52264,24820,3728,7646,29456,38505,1
1238,1237000,42897,34924,1210,15255,28944,48074,1
1239,1238000,32541,44777,80,24506,28767,56309,1
1240,1239000,22123,53308,2813,34644,28972,62336,1
1241,1240000,12839,59800,9222,44586,29602,65472,1
1242,1241000,5613,64168,18203,53397,30524,65348,1
1243,1242000,1197,65507,28689,60266,31650,62073,1
1244,1243000,14,63328,39352,64407,32913,56010,1
1245,1244000,1694,57966,49073,65313,34256,47663,1
1246,1245000,6054,50117,56926,63116,35296,37836,1
1247,1246000,13352,40629,61849,57993,36119,27589,1
1248,1247000,22723,30537,64337,50375,36624,18036,1
1249,1248000,33065,20710,65506,41128,36795,9823,1
1250,1249000,43455,12225,62798,31009,36588,3816,1
1251,1250000,52711,5770,56406,21091,35959,692,1
1252,1251000,59916,1393,47454,12303,35035,824,1
1253,1252000,64326,24,37006,5444,33921,4083,1
1254,1253000,65516,2178,26360,1299,32665,10125,1
1255,1254000,63859,7517,16630,378,31323,18452,1
1256,1255000,59530,15347,8731,2552,30282,28267,1
1257,1256000,52254,24829,3729,7656,29456,38511,1
1258,1257000,42889,34930,1213,15264,28946,48076,1
1259,1258000,32534,44781,87,24515,28769,56308,1
1260,1259000,22119,53309,2822,34651,28973,62332,1
1261,1260000,12838,59798,9234,44590,29604,65465,1
1262,1261000,5615,64163,18214,53398,30527,65338,1
1263,1262000,1202,65500,28698,60264,31651,62063,1
1264,1263000,21,63318,39359,64401,32914,55998,1
1265,1264000,1702,57955,49077,65305,34256,47652,1
1266,1265000,6064,50106,56926,63106,35296,37827,1
1267,1266000,13363,40619,61847,57982,36119,27583,1
1268,1267000,22733,30529,64335,50364,36624,18032,1
1269,1268000,33073,20705,65499,41117,36794,9823,1
1270,1269000,43461,12223,62787,31001,36586,3819,1
1271,1270000,52713,5771,56394,21086,35957,699,1
1272,1271000,59915,1396,47443,12301,35034,832,1
1273,1272000,64322,33,36996,5446,33919,4095,1
1274,1273000,65509,2189,26352,1305,32663,10137,1
1275,1274000,63850,7529,16625,386,31323,18464,1
1276,1275000,59518,15359,8730,2563,30282,28277,1
1277,1276000,52241,24841,3731,7668,29456,38519,1
1278,1277000,42877,34940,1214,15276,28946,48081,1
1279,1278000,32524,44787,95,24526,28770,56309,1
1280,1279000,22112,53312,2834,34660,28975,62329,1
1281,1280000,12835,59798,9248,44596,29605,65458,1
1282,1281000,5616,64158,18229,53401,30529,65328,1
1283,1282000,1207,65491,28710,60262,31653,62051,1
1284,1283000,29,63307,39369,64396,32916,55985,1
1285,1284000,1712,57942,49084,65296,34256,47639,1
1286,1285000,6077,50093,56929,63095,35296,37815,1
1287,1286000,13377,40607,61847,57969,36119,27574,1
1288,1287000,22746,30519,64334,50351,36623,18025,1
1289,1288000,33085,20698,65492,41105,36793,9821,1
1290,1289000,43469,12220,62776,30991,36585,3822,1
1291,1290000,52718,5771,56379,21079,35955,706,1
1292,1291000,59915,1400,47428,12297,35033,842,1
1293,1292000,64318,41,36983,5447,33918,4107,1
1294,1293000,65502,2201,26342,1310,32662,10152,1
1295,1294000,63841,7543,16618,395,31323,18478,1
1296,1295000,59506,15374,8728,2575,30282,28290,1
1297,1296000,52228,24854,3731,7682,29456,38529,1
1298,1297000,42864,34951,1216,15290,28947,48088,1
1299,1298000,32512,44795,103,24540,28771,56311,1
1300,1299000,22104,53316,2847,34671,28977,62326,1
1301,1300000,12831,59798,9263,44604,29607,65451,1
1302,1301000,5617,64154,18244,53404,30531,65317,1
1303,1302000,1212,65482,28724,60261,31655,62037,1
1304,1303000,37,63294,39379,64390,32917,55970,1
1305,1304000,1723,57928,49091,65287,34257,47624,1
1306,1305000,6091,50078,56931,63082,35297,37802,1
1307,1306000,13392,40593,61846,57954,36119,27564,1
1308,1307000,22761,30507,64333,50337,36622,18018,1
1309,1308000,33097,20690,65483,41091,36792,9819,1
1310,1309000,43478,12216,62762,30979,36583,3824,1
1311,1310000,52723,5771,56365,21070,35954,713,1
1312,1311000,59916,1404,47414,12293,35031,853,1
1313,1312000,64313,51,36970,5448,33916,4120,1
1314,1313000,65494,2214,26332,1316,32660,10167,1
1315,1314000,63830,7558,16612,404,31322,18493,1
1316,1315000,59492,15389,8726,2587,30282,28303,1
1317,1316000,52212,24869,3733,7697,29456,38540,1
1318,1317000,42849,34964,1218,15305,28947,48096,1
1319,1318000,32499,44804,113,24555,28772,56314,1
1320,1319000,22094,53321,2861,34683,28978,62324,1
1321,1320000,12826,59799,9279,44613,29609,65444,1
1322,1321000,5617,64150,18261,53409,30534,65306,1
1323,1322000,1216,65473,28738,60261,31656,62024,1
1324,1323000,45,63282,39390,64385,32919,55955,1
1325,1324000,1734,57913,49099,65278,34257,47608,1
1326,1325000,6105,50063,56934,63070,35297,37788,1
1327,1326000,13407,40579,61846,57940,36119,27553,1
1328,1327000,22775,30495,64332,50322,36622,18010,1
1329,1328000,33111,20682,65475,41076,36790,9816,1
1330,1329000,43488,12211,62749,30967,36582,3826,1
1331,1330000,52728,5770,56349,21061,35952,720,1
1332,1331000,59916,1408,47398,12288,35029,863,1
1333,1332000,64309,60,36956,5448,33914,4134,1
1334,1333000,65486,2227,26320,1321,32658,10182,1
1335,1334000,63820,7572,16604,412,31321,18508,1
1336,1335000,59478,15404,8722,2599,30282,28317,1
1337,1336000,52196,24884,3734,7712,29456,38551,1
1338,1337000,42833,34977,1220,15320,28947,48104,1
1339,1338000,32486,44813,121,24569,28773,56317,1
1340,1339000,22085,53325,2875,34695,28980,62322,1
1341,1340000,12820,59800,9294,44622,29611,65437,1
1342,1341000,5616,64146,18276,53413,30536,65295,1
1343,1342000,1221,65464,28752,60261,31658,62010,1
1344,1343000,53,63269,39401,64380,32921,55940,1
1345,1344000,1745,57898,49106,65269,34258,47593,1
1346,1345000,6120,50047,56936,63057,35298,37774,1
1347,1346000,13423,40565,61845,57925,36119,27542,1
1348,1347000,22790,30483,64331,50308,36621,18002,1
1349,1348000,33124,20673,65467,41061,36790,9813,1
1350,1349000,43497,12207,62736,30955,36580,3828,1
1351,1350000,52733,5770,56334,21053,35950,726,1
1352,1351000,59917,1411,47383,12284,35028,874,1
1353,1352000,64305,68,36942,5448,33913,4147,1
1354,1353000,65478,2240,26309,1326,32657,10197,1
1355,1354000,63810,7586,16596,421,31321,18523,1
1356,1355000,59465,15419,8720,2611,30281,28331,1
1357,1356000,52181,24898,3734,7726,29456,38562,1
1358,1357000,42819,34989,1221,15334,28948,48112,1
1359,1358000,32473,44822,129,24583,28774,56320,1
1360,1359000,22075,53330,2887,34707,28982,62321,1
1361,1360000,12815,59801,9309,44630,29612,65431,1
1362,1361000,5615,64142,18291,53418,30538,65285,1
1363,1362000,1224,65456,28766,60261,31660,61998,1
1364,1363000,60,63258,39412,64375,32922,55926,1
1365,1364000,1755,57884,49113,65260,34259,47578,1
1366,1365000,6132,50033,56939,63045,35299,37761,1
1367,1366000,13437,40552,61844,57912,36119,27532,1
1368,1367000,22804,30472,64329,50295,36620,17995,1
1369,1368000,33136,20665,65459,41048,36789,9810,1
1370,1369000,43506,12202,62724,30944,36579,3830,1
1371,1370000,52738,5769,56321,21045,35948,732,1
1372,1371000,59918,1414,47369,12279,35026,883,1
1373,1372000,64302,76,36929,5448,33911,4158,1
1374,1373000,65472,2251,26299,1330,32655,10210,1
1375,1374000,63797,7603,16590,432,31321,18539,1
1376,1375000,59450,15435,8719,2625,30278,28344,1
1377,1376000,52170,24909,3734,7737,29456,38571,1
1378,1377000,42809,34999,1220,15345,28950,48119,1
1379,1378000,32461,44831,137,24597,28775,56323,1
1380,1379000,22067,53335,2899,34718,28982,62320,1
1381,1380000,12811,59801,9321,44637,29613,65426,1
1382,1381000,5614,64140,18306,53423,30538,65276,1
1383,1382000,1228,65450,28777,60261,31662,61987,1
1384,1383000,67,63247,39422,64372,32922,55913,1
1385,1384000,1764,57872,49119,65253,34259,47566,1
1386,1385000,6144,50020,56941,63036,35300,37750,1
1387,1386000,13448,40540,61844,57902,36118,27523,1
1388,1387000,22815,30461,64327,50283,36620,17988,1
1389,1388000,33146,20657,65452,41037,36788,9807,1
1390,1389000,43513,12198,62715,30935,36577,3831,1
1391,1390000,52742,5767,56308,21038,35947,737,1
1392,1391000,59919,1415,47357,12275,35025,890,1
1393,1392000,64300,81,36920,5448,33910,4168,1
1394,1393000,65467,2259,26289,1333,32655,10221,1
1395,1394000,63789,7613,16584,438,31321,18551,1
1396,1395000,59440,15445,8717,2634,30278,28354,1
1397,1396000,52159,24918,3734,7747,29457,38579,1
1398,1397000,42798,35007,1221,15355,28950,48125,1
1399,1398000,32451,44836,142,24608,28776,56326,1
1400,1399000,22060,53338,2907,34727,28984,62319,1
1401,1400000,12807,59801,9333,44644,29614,65422,1
1402,1401000,5613,64138,18317,53427,30539,65269,1
1403,1402000,1230,65443,28786,60261,31663,61979,1
1404,1403000,72,63239,39430,64369,32923,55903,1
1405,1404000,1770,57862,49126,65247,34259,47555,1
1406,1405000,6152,50010,56943,63028,35300,37741,1
1407,1406000,13457,40531,61845,57893,36118,27516,1
1408,1407000,22824,30453,64327,50274,36620,17983,1
1409,1408000,33154,20652,65448,41028,36787,9805,1
1410,1409000,43519,12195,62708,30927,36576,3831,1
1411,1410000,52745,5767,56299,21033,35947,741,1
1412,1411000,59919,1417,47348,12272,35024,896,1
1413,1412000,64298,86,36912,5448,33909,4175,1
1414,1413000,65462,2266,26283,1336,32654,10229,1
1415,1414000,63783,7621,16580,443,31321,18560,1
1416,1415000,59432,15454,8715,2640,30277,28362,1
1417,1416000,52151,24927,3734,7754,29457,38585,1
1418,1417000,42791,35014,1219,15361,28951,48131,1
1419,1418000,32444,44842,145,24615,28776,56329,1
1420,1419000,22054,53340,2915,34734,28984,62318,1
1421,1420000,12804,59802,9341,44649,29615,65418,1
1422,1421000,5613,64137,18324,53429,30540,65265,1
1423,1422000,1232,65439,28793,60261,31664,61972,1
1424,1423000,76,63233,39437,64367,32923,55895,1
1425,1424000,1782,57850,49124,65236,34263,47545,1
1426,1425000,6163,50001,56940,63017,35305,37733,1
1427,1426000,13462,40526,61847,57889,36117,27511,1
1428,1427000,22828,30448,64332,50271,36618,17978,1
1429,1428000,33162,20646,65444,41019,36788,9802,1
1430,1429000,43524,12192,62701,30921,36576,3832,1
1431,1430000,52747,5767,56293,21029,35946,743,1
1432,1431000,59920,1418,47341,12269,35024,900,1
1433,1432000,64296,89,36906,5448,33908,4180,1
1434,1433000,65459,2272,26276,1337,32654,10237,1
1435,1434000,63768,7635,16584,457,31314,18570,1
1436,1435000,59421,15463,8720,2651,30269,28368,1
1437,1436000,52148,24930,3730,7756,29459,38589,1
1438,1437000,42788,35018,1216,15364,28953,48135,1
1439,1438000,32436,44847,151,24624,28774,56331,1
1440,1439000,22050,53343,2919,34739,28984,62318,1
1441,1440000,12803,59801,9344,44650,29616,65416,1
1442,1441000,5612,64136,18330,53432,30540,65261,1
1443,1442000,1233,65437,28797,60261,31665,61969,1
1444,1443000,79,63228,39441,64365,32923,55890,1
1445,1444000,1778,57850,49133,65240,34260,47542,1
1446,1445000,6162,49999,56946,63019,35300,37730,1
1447,1446000,13468,40521,61846,57884,36116,27507,1
1448,1447000,22835,30443,64330,50265,36620,17975,1
1449,1448000,33163,20646,65444,41019,36786,9802,1
1450,1449000,43527,12192,62700,30919,36574,3832,1
1451,1450000,52750,5766,56288,21026,35946,745,1
1452,1451000,59920,1419,47339,12270,35022,902,1
1453,1452000,64296,91,36903,5447,33907,4183,1
1454,1453000,65459,2274,26273,1337,32653,10240,1
1455,1454000,63766,7638,16582,460,31313,18574,1
1456,1455000,59419,15467,8719,2654,30269,28372,1
1457,1456000,52146,24933,3730,7758,29459,38592,1
1458,1457000,42786,35021,1215,15366,28954,48137,1
1459,1458000,32434,44849,152,24626,28775,56332,1
1460,1459000,22049,53344,2921,34741,28985,62318,1
1461,1460000,12803,59802,9346,44652,29617,65415,1
1462,1461000,5612,64135,18333,53433,30541,65260,1
1463,1462000,1234,65436,28799,60261,31665,61967,1
1464,1463000,81,63226,39442,64364,32924,55888,1
1465,1464000,1787,57843,49129,65233,34263,47537,1
1466,1465000,6169,49995,56942,63013,35305,37727,1
1467,1466000,13468,40521,61847,57884,36116,27506,1
1468,1467000,22834,30443,64332,50266,36618,17973,1
1469,1468000,33167,20643,65441,41015,36787,9800,1
1470,1469000,43529,12190,62698,30916,36575,3831,1
1471,1470000,52750,5766,56288,21026,35945,745,1
1472,1471000,59921,1419,47337,12268,35023,902,1
1473,1472000,64296,91,36901,5447,33907,4183,1
1474,1473000,65458,2275,26272,1337,32654,10241,1
1475,1474000,63778,7632,16571,448,31320,18571,1
1476,1475000,59425,15464,8712,2647,30277,28371,1
1477,1476000,52143,24936,3732,7761,29458,38593,1
1478,1477000,42784,35025,1210,15366,28950,48142,1
1479,1478000,32436,44847,150,24624,28777,56331,1
1480,1479000,22049,53344,2919,34740,28986,62319,1
1481,1480000,12801,59803,9349,44654,29616,65416,1
1482,1481000,5612,64136,18331,53432,30542,65260,1
1483,1482000,1234,65437,28799,60262,31665,61967,1
1484,1483000,79,63228,39443,64366,32924,55889,1
1485,1484000,1787,57844,49128,65233,34263,47537,1
1486,1485000,6168,49995,56942,63014,35305,37727,1
1487,1486000,13468,40521,61846,57884,36116,27506,1
1488,1487000,22832,30442,64341,50271,36618,17969,1
1489,1488000,33167,20643,65440,41014,36788,9800,1
1490,1489000,43528,12190,62699,30917,36575,3831,1
1491,1490000,52750,5766,56289,21026,35945,744,1
1492,1491000,59922,1418,47337,12267,35024,901,1
1493,1492000,64297,90,36902,5446,33907,4182,1
1494,1493000,65459,2273,26273,1336,32654,10239,1
1495,1494000,63768,7638,16581,457,31314,18574,1
1496,1495000,59420,15466,8718,2652,30269,28372,1
1497,1496000,52146,24933,3729,7757,29459,38592,1
1498,1497000,42787,35023,1205,15361,28954,48142,1
1499,1498000,32434,44849,152,24626,28775,56332,1
1500,1499000,22048,53345,2919,34741,28984,62320,1
1501,1500000,12802,59803,9345,44652,29617,65417,1
1502,1501000,5611,64137,18331,53433,30541,65262,1
1503,1502000,1232,65439,28797,60263,31665,61969,1
1504,1503000,79,63229,39441,64367,32923,55890,1
1505,1504000,1785,57846,49128,65235,34263,47539,1
1506,1505000,6165,49998,56943,63017,35304,37729,1
1507,1506000,13465,40523,61847,57887,36116,27507,1
1508,1507000,22830,30443,64341,50273,36618,17969,1
1509,1508000,33165,20644,65442,41016,36788,9800,1
1510,1509000,43527,12190,62702,30918,36575,3829,1
1511,1510000,52750,5765,56291,21026,35946,742,1
1512,1511000,59923,1417,47339,12267,35024,899,1
1513,1512000,64298,87,36904,5445,33907,4179,1
1514,1513000,65461,2271,26273,1334,32654,10237,1
1515,1514000,63781,7628,16572,444,31320,18567,1
1516,1515000,59429,15460,8711,2642,30277,28368,1
1517,1516000,52147,24933,3730,7757,29458,38591,1
1518,1517000,42787,35022,1207,15361,28950,48142,1
1519,1518000,32439,44846,146,24620,28777,56332,1
1520,1519000,22050,53344,2914,34737,28986,62321,1
1521,1520000,12800,59805,9343,44653,29615,65420,1
1522,1521000,5610,64139,18326,53432,30541,65265,1
1523,1522000,1230,65442,28795,60264,31664,61972,1
1524,1523000,75,63234,39440,64370,32923,55895,1
1525,1524000,1782,57850,49127,65238,34263,47543,1
1526,1525000,6162,50001,56943,63020,35305,37731,1
1527,1526000,13461,40526,61847,57891,36116,27509,1
1528,1527000,22826,30445,64343,50277,36618,17969,1
1529,1528000,33163,20645,65445,41019,36788,9799,1
1530,1529000,43526,12190,62705,30920,36576,3827,1
1531,1530000,52750,5764,56296,21028,35946,739,1
1532,1531000,59924,1414,47343,12266,35024,895,1
1533,1532000,64301,84,36907,5443,33908,4175,1
1534,1533000,65464,2267,26276,1332,32654,10232,1
1535,1534000,63774,7631,16582,451,31314,18567,1
1536,1535000,59427,15460,8716,2645,30269,28367,1
1537,1536000,52153,24928,3727,7750,29459,38589,1
1538,1537000,42793,35019,1202,15354,28953,48141,1
1539,1538000,32438,44847,146,24621,28774,56333,1
1540,1539000,22050,53345,2911,34736,28984,62324,1
1541,1540000,12802,59805,9336,44650,29616,65423,1
1542,1541000,5608,64142,18324,53434,30540,65269,1
1543,1542000,1228,65446,28791,60266,31664,61977,1
1544,1543000,73,63238,39437,64372,32922,55898,1
1545,1544000,1778,57855,49126,65242,34263,47547,1
1546,1545000,6157,50005,56943,63025,35304,37735,1
1547,1546000,13456,40529,61849,57896,36116,27511,1
1548,1547000,22823,30447,64345,50281,36619,17970,1
1549,1548000,33160,20646,65449,41023,36788,9799,1
1550,1549000,43525,12189,62710,30923,36577,3825,1
1551,1550000,52750,5763,56301,21029,35947,735,1
1552,1551000,59925,1411,47348,12267,35025,891,1
1553,1552000,64303,79,36911,5442,33908,4170,1
1554,1553000,65467,2261,26278,1328,32655,10228,1
1555,1554000,63777,7625,16584,448,31313,18563,1
1556,1555000,59432,15454,8716,2640,30269,28363,1
1557,1556000,52158,24923,3726,7745,29459,38587,1
1558,1557000,42797,35016,1201,15350,28952,48140,1
1559,1558000,32441,44845,143,24617,28774,56334,1
1560,1559000,22052,53345,2906,34733,28983,62326,1
1561,1560000,12801,59806,9332,44649,29615,65427,1
1562,1561000,5607,64144,18319,53434,30539,65273,1
1563,1562000,1225,65449,28788,60267,31664,61982,1
1564,1563000,69,63242,39435,64375,32922,55903,1
1565,1564000,1774,57859,49126,65246,34263,47551,1
1566,1565000,6152,50010,56944,63030,35304,37738,1
1567,1566000,13452,40533,61851,57901,36116,27513,1
1568,1567000,22820,30450,64347,50285,36619,17971,1
1569,1568000,33158,20647,65453,41027,36789,9798,1
1570,1569000,43524,12189,62716,30926,36577,3822,1
1571,1570000,52751,5761,56306,21030,35948,731,1
1572,1571000,59928,1409,47353,12266,35025,886,1
1573,1572000,64307,75,36915,5439,33909,4165,1
1574,1573000,65472,2257,26280,1325,32655,10223,1
1575,1574000,63782,7621,16584,443,31313,18559,1
1576,1575000,59438,15450,8715,2635,30269,28360,1
1577,1576000,52163,24920,3724,7740,29458,38585,1
1578,1577000,42801,35014,1199,15345,28952,48140,1
1579,1578000,32444,44845,139,24613,28773,56336,1
1580,1579000,22054,53345,2901,34731,28983,62329,1
1581,1580000,12801,59807,9327,44648,29614,65431,1
1582,1581000,5605,64147,18315,53435,30539,65278,1
1583,1582000,1222,65454,28785,60270,31663,61987,1
1584,1583000,66,63247,39433,64379,32922,55908,1
1585,1584000,1763,57869,49131,65258,34259,47558,1
1586,1585000,6143,50017,56949,63039,35300,37742,1
1587,1586000,13450,40535,61851,57904,36117,27514,1
1588,1587000,22817,30451,64347,50288,36621,17971,1
1589,1588000,33153,20650,65459,41033,36788,9797,1
1590,1589000,43522,12189,62721,30929,36577,3819,1
1591,1590000,52752,5759,56310,21029,35948,727,1
1592,1591000,59929,1406,47358,12266,35024,881,1
1593,1592000,64310,71,36917,5437,33909,4160,1
1594,1593000,65476,2251,26282,1321,32655,10217,1
1595,1594000,63786,7616,16584,439,31313,18555,1
1596,1595000,59442,15446,8714,2631,30269,28358,1
1597,1596000,52167,24917,3723,7735,29458,38584,1
1598,1597000,42805,35012,1196,15341,28952,48140,1
1599,1598000,32446,44845,135,24610,28772,56337,1
1600,1599000,22054,53346,2897,34730,28982,62332,1
1601,1600000,12800,59810,9323,44648,29614,65435,1
1602,1601000,5603,64150,18312,53436,30538,65283,1
1603,1602000,1219,65458,28783,60272,31663,61992,1
1604,1603000,62,63252,39433,64382,32922,55913,1
1605,1604000,1765,57869,49127,65255,34263,47559,1
1606,1605000,6143,50018,56947,63039,35305,37743,1
1607,1606000,13444,40539,61855,57910,36117,27516,1
1608,1607000,22812,30454,64352,50294,36620,17970,1
1609,1608000,33153,20648,65461,41033,36790,9794,1
1610,1609000,43523,12188,62725,30929,36579,3816,1
1611,1610000,52753,5757,56315,21030,35949,723,1
1612,1611000,59933,1402,47360,12263,35026,877,1
1613,1612000,64314,67,36919,5434,33909,4155,1
1614,1613000,65479,2247,26282,1317,32655,10214,1
1615,1614000,63790,7612,16583,435,31313,18551,1
1616,1615000,59446,15443,8712,2626,30269,28355,1
1617,1616000,52171,24915,3720,7731,29458,38583,1
1618,1617000,42807,35011,1194,15338,28951,48141,1
1619,1618000,32447,44845,131,24608,28772,56339,1
1620,1619000,22054,53348,2892,34728,28981,62335,1
1621,1620000,12799,59812,9319,44648,29613,65439,1
1622,1621000,5600,64154,18309,53438,30538,65287,1
1623,1622000,1215,65462,28781,60275,31663,61996,1
1624,1623000,58,63256,39432,64386,32921,55916,1
1625,1624000,1762,57872,49127,65259,34263,47562,1
1626,1625000,6139,50022,56949,63043,35305,37745,1
1627,1626000,13440,40542,61857,57914,36117,27516,1
1628,1627000,22810,30455,64354,50297,36621,17970,1
1629,1628000,33152,20648,65465,41035,36790,9792,1
1630,1629000,43523,12186,62729,30930,36579,3813,1
1631,1630000,52754,5755,56318,21029,35949,719,1
1632,1631000,59935,1399,47362,12262,35026,873,1
1633,1632000,64317,63,36920,5431,33910,4152,1
1634,1633000,65483,2244,26282,1313,32656,10211,1
1635,1634000,63794,7609,16582,431,31313,18549,1
1636,1635000,59449,15440,8709,2622,30269,28354,1
1637,1636000,52173,24913,3717,7727,29457,38583,1
1638,1637000,42808,35011,1191,15335,28951,48142,1
1639,1638000,32447,44846,127,24606,28771,56341,1
1640,1639000,22053,53349,2889,34728,28981,62338,1
1641,1640000,12797,59814,9316,44649,29613,65442,1
1642,1641000,5597,64157,18307,53439,30538,65290,1
1643,1642000,1212,65466,28780,60278,31663,62000,1
1644,1643000,55,63259,39433,64390,32921,55919,1
1645,1644000,1759,57875,49128,65262,34263,47564,1
1646,1645000,6136,50024,56951,63047,35305,37746,1
1647,1646000,13438,40543,61859,57917,36117,27516,1
1648,1647000,22809,30455,64356,50299,36621,17968,1
1649,1648000,33152,20647,65468,41036,36791,9790,1
1650,1649000,43524,12184,62732,30930,36579,3810,1
1651,1650000,52756,5753,56321,21028,35950,716,1
1652,1651000,59938,1396,47363,12260,35026,869,1
1653,1652000,64320,60,36920,5428,33910,4149,1
1654,1653000,65486,2241,26281,1310,32656,10208,1
1655,1654000,63796,7606,16580,427,31313,18548,1
1656,1655000,59452,15439,8707,2619,30268,28354,1
1657,1656000,52175,24913,3715,7725,29457,38584,1
1658,1657000,42809,35011,1188,15334,28950,48144,1
1659,1658000,32447,44847,124,24606,28771,56344,1
1660,1659000,22051,53352,2886,34729,28981,62341,1
1661,1660000,12794,59817,9314,44651,29613,65446,1
1662,1661000,5594,64160,18306,53442,30538,65294,1
1663,1662000,1209,65469,28780,60281,31663,62002,1
1664,1663000,52,63262,39433,64393,32921,55921,1
1665,1664000,1756,57878,49130,65265,34264,47565,1
1666,1665000,6134,50025,56953,63050,35306,37746,1
1667,1666000,13436,40543,61860,57919,36118,27514,1
1668,1667000,22808,30454,64358,50300,36621,17966,1
1669,1668000,33152,20646,65470,41037,36791,9787,1
1670,1669000,43525,12182,62734,30929,36580,3807,1
1671,1670000,52759,5750,56322,21027,35950,713,1
1672,1671000,59940,1393,47364,12257,35026,867,1
1673,1672000,64323,57,36919,5425,33910,4146,1
1674,1673000,65488,2238,26279,1307,32655,10207,1
1675,1674000,63798,7605,16578,425,31312,18547,1
1676,1675000,59453,15437,8704,2617,30268,28354,1
1677,1676000,52175,24913,3713,7724,29457,38585,1
1678,1677000,42809,35012,1186,15333,28950,48146,1
1679,1678000,32446,44848,122,24606,28771,56347,1
1680,1679000,22049,53353,2884,34730,28980,62344,1
1681,1680000,12792,59818,9313,44653,29612,65448,1
1682,1681000,5591,64161,18306,53444,30538,65296,1
1683,1682000,1206,65471,28781,60284,31663,62004,1
1684,1683000,50,63263,39435,64395,32922,55922,1
1685,1684000,1754,57878,49132,65268,34264,47565,1
1686,1685000,6132,50024,56955,63051,35306,37745,1
1687,1686000,13437,40542,61862,57920,36118,27513,1
1688,1687000,22810,30452,64360,50300,36622,17964,1
1689,1688000,33154,20643,65472,41036,36792,9785,1
1690,1689000,43528,12179,62736,30927,36580,3804,1
1691,1690000,52762,5747,56322,21024,35950,710,1
1692,1691000,59944,1390,47363,12255,35027,865,1
1693,1692000,64326,54,36918,5423,33910,4145,1
1694,1693000,65490,2236,26277,1305,32655,10207,1
1695,1694000,63801,7603,16575,423,31312,18548,1
1696,1695000,59455,15438,8702,2615,30268,28356,1
1697,1696000,52176,24914,3711,7723,29456,38587,1
1698,1697000,42808,35013,1184,15333,28950,48148,1
1699,1698000,32444,44850,120,24607,28770,56349,1
1700,1699000,22047,53355,2883,34732,28980,62347,1
1701,1700000,12790,59821,9313,44655,29612,65450,1
1702,1701000,5590,64164,18307,53447,30538,65297,1
1703,1702000,1205,65472,28783,60286,31663,62004,1
1704,1703000,49,63264,39437,64398,32922,55922,1
1705,1704000,1754,57878,49134,65269,34264,47564,1
1706,1705000,6133,50024,56957,63052,35306,37744,1
1707,1706000,13437,40540,61864,57920,36118,27511,1
1708,1707000,22811,30450,64361,50300,36622,17961,1
1709,1708000,33156,20641,65473,41034,36792,9782,1
1710,1709000,43530,12177,62736,30925,36580,3802,1
1711,1710000,52764,5745,56321,21022,35950,708,1
1712,1711000,59946,1388,47361,12252,35026,863,1
1713,1712000,64328,53,36916,5420,33909,4145,1
1714,1713000,65492,2236,26275,1303,32655,10207,1
1715,1714000,63801,7604,16572,421,31312,18549,1
1716,1715000,59454,15439,8699,2615,30267,28357,1
1717,1716000,52175,24916,3709,7723,29456,38590,1
1718,1717000,42806,35016,1182,15334,28949,48151,1
1719,1718000,32442,44853,119,24609,28770,56351,1
1720,1719000,22045,53358,2883,34734,28980,62349,1
1721,1720000,12787,59823,9314,44657,29612,65452,1
1722,1721000,5587,64165,18308,53449,30538,65298,1
1723,1722000,1203,65473,28785,60288,31663,62005,1
1724,1723000,48,63265,39439,64399,32922,55921,1
1725,1724000,1753,57878,49136,65271,34264,47563,1
1726,1725000,6133,50023,56959,63053,35307,37742,1
1727,1726000,13438,40539,61865,57920,36119,27508,1
1728,1727000,22812,30448,64362,50299,36622,17959,1
1729,1728000,33158,20638,65474,41033,36792,9780,1
1730,1729000,43533,12175,62735,30923,36580,3800,1
1731,1730000,52766,5743,56321,21020,35950,707,1
1732,1731000,59948,1387,47361,12250,35026,863,1
1733,1732000,64329,52,36914,5418,33909,4145,1
1734,1733000,65492,2236,26273,1301,32655,10208,1
1735,1734000,63801,7605,16571,420,31312,18550,1
1736,1735000,59454,15440,8698,2615,30267,28360,1
1737,1736000,52173,24918,3708,7724,29456,38592,1
1738,1737000,42804,35018,1182,15336,28949,48153,1
1739,1738000,32439,44855,119,24611,28770,56354,1
1740,1739000,22042,53360,2884,34736,28980,62350,1
1741,1740000,12784,59825,9315,44660,29613,65453,1
1742,1741000,5585,64167,18310,53451,30538,65299,1
1743,1742000,1201,65474,28787,60290,31663,62004,1
1744,1743000,47,63264,39441,64401,32922,55920,1
1745,1744000,1753,57877,49138,65271,34264,47561,1
1746,1745000,6133,50021,56961,63052,35307,37739,1
1747,1746000,13439,40537,61866,57919,36119,27506,1
1748,1747000,22814,30446,64363,50297,36622,17957,1
1749,1748000,33160,20636,65474,41031,36792,9778,1
1750,1749000,43535,12173,62735,30921,36580,3798,1
1751,1750000,52768,5742,56319,21017,35950,706,1
1752,1751000,59950,1385,47358,12248,35026,863,1
1753,1752000,64330,52,36912,5416,33909,4145,1
1754,1753000,65492,2236,26270,1300,32654,10209,1
1755,1754000,63801,7606,16568,420,31312,18552,1
1756,1755000,59452,15442,8696,2615,30267,28362,1
1757,1756000,52171,24920,3707,7725,29456,38594,1
1758,1757000,42802,35021,1181,15337,28949,48156,1
1759,1758000,32437,44858,119,24613,28770,56355,1
1760,1759000,22039,53362,2885,34739,28980,62352,1
1761,1760000,12782,59826,9317,44662,29613,65454,1
1762,1761000,5583,64168,18312,53453,30538,65298,1
1763,1762000,1200,65474,28789,60292,31663,62003,1
1764,1763000,47,63264,39443,64401,32923,55919,1
1765,1764000,1746,57881,49146,65278,34261,47562,1
1766,1765000,6130,50022,56966,63056,35302,37738,1
1767,1766000,13444,40533,61865,57916,36120,27503,1
1768,1767000,22819,30443,64362,50294,36624,17954,1
1769,1768000,33161,20636,65476,41031,36791,9777,1
1770,1769000,43537,12172,62735,30920,36579,3797,1
1771,1770000,52772,5740,56317,21014,35950,705,1
1772,1771000,59951,1385,47358,12247,35025,863,1
1773,1772000,64332,52,36909,5415,33909,4147,1
1774,1773000,65494,2236,26268,1299,32653,10210,1
1775,1774000,63801,7607,16566,420,31311,18554,1
1776,1775000,59451,15445,8695,2616,30266,28364,1
1777,1776000,52170,24922,3707,7727,29455,38597,1
1778,1777000,42801,35023,1180,15339,28950,48158,1
1779,1778000,32435,44860,119,24615,28770,56357,1
1780,1779000,22038,53364,2886,34741,28980,62352,1
1781,1780000,12781,59827,9319,44664,29613,65454,1
1782,1781000,5583,64169,18315,53455,30538,65298,1
1783,1782000,1201,65474,28793,60293,31664,62002,1
1784,1783000,48,63263,39446,64402,32923,55917,1
1785,1784000,1755,57875,49143,65271,34265,47557,1
1786,1785000,6137,50017,56964,63050,35307,37735,1
1787,1786000,13444,40533,61868,57916,36119,27502,1
1788,1787000,22819,30442,64365,50294,36622,17953,1
1789,1788000,33166,20633,65474,41026,36792,9775,1
1790,1789000,43540,12170,62733,30916,36580,3796,1
1791,1790000,52772,5740,56316,21014,35949,705,1
1792,1791000,59953,1384,47354,12244,35026,863,1
1793,1792000,64332,52,36907,5414,33908,4147,1
1794,1793000,65493,2238,26266,1299,32654,10212,1
1795,1794000,63800,7609,16565,420,31311,18556,1
1796,1795000,59450,15446,8694,2617,30266,28366,1
1797,1796000,52169,24924,3706,7728,29455,38598,1
1798,1797000,42798,35025,1180,15341,28949,48159,1
1799,1798000,32433,44862,120,24617,28770,56358,1
1800,1799000,22036,53365,2887,34743,28980,62353,1
1801,1800000,12780,59828,9321,44666,29613,65454,1
1802,1801000,5582,64169,18317,53456,30539,65297,1
1803,1802000,1201,65474,28794,60293,31664,62001,1
1804,1803000,49,63262,39448,64402,32923,55916,1
1805,1804000,1756,57873,49144,65270,34265,47555,1
1806,1805000,6138,50016,56965,63050,35307,37734,1
1807,1806000,13445,40531,61868,57915,36119,27500,1
1808,1807000,22820,30440,64365,50292,36622,17952,1
1809,1808000,33167,20631,65474,41025,36792,9774,1
1810,1809000,43541,12169,62733,30915,36580,3796,1
1811,1810000,52773,5739,56315,21012,35949,706,1
1812,1811000,59953,1385,47353,12243,35025,864,1
1813,1812000,64332,53,36906,5414,33908,4148,1
1814,1813000,65492,2239,26265,1299,32654,10213,1
1815,1814000,63801,7610,16563,421,31311,18558,1
1816,1815000,59450,15448,8693,2618,30266,28367,1
1817,1816000,52167,24926,3705,7729,29455,38600,1
1818,1817000,42797,35027,1181,15342,28949,48160,1
1819,1818000,32432,44863,120,24619,28770,56359,1
1820,1819000,22035,53366,2888,34744,28980,62354,1
1821,1820000,12779,59829,9322,44667,29613,65454,1
1822,1821000,5582,64169,18318,53457,30539,65297,1
1823,1822000,1201,65473,28795,60294,31664,62000,1
1824,1823000,49,63261,39449,64402,32923,55914,1
1825,1824000,1756,57872,49145,65270,34265,47554,1
1826,1825000,6139,50014,56965,63049,35307,37732,1
1827,1826000,13446,40529,61868,57914,36119,27499,1
1828,1827000,22822,30439,64364,50291,36622,17951,1
1829,1828000,33168,20630,65473,41024,36792,9774,1
1830,1829000,43542,12168,62731,30914,36580,3796,1
1831,1830000,52774,5738,56313,21011,35949,706,1
1832,1831000,59953,1384,47351,12243,35025,865,1
1833,1832000,64332,52,36904,5413,33908,4149,1
1834,1833000,65492,2239,26263,1299,32653,10215,1
1835,1834000,63811,7603,16552,410,31318,18555,1
1836,1835000,59454,15445,8686,2612,30274,28368,1
1837,1836000,52163,24928,3708,7733,29454,38601,1
1838,1837000,42793,35028,1183,15346,28946,48161,1
1839,1838000,36648,40742,116,21135,21360,52593,1
1840,1839000,32750,42901,2877,25962,12227,52856,1
1841,1840000,29049,43949,9317,31365,5492,51054,1
1842,1841000,25763,44462,18327,36977,1396,47441,1
1843,1842000,23294,43852,28824,42259,178,42457,1
1844,1843000,21813,41922,39489,46626,1964,36658,1
1845,1844000,21043,38963,49177,49550,6899,30528,1
1846,1845000,21078,35392,56997,50929,14290,24594,1
1847,1846000,22445,31733,61883,50647,23059,19632,1
1848,1847000,25239,28094,64335,48372,33337,15918,1
1849,1848000,28781,24940,65425,44646,43663,13747,1
1850,1849000,32655,22820,62683,39830,52759,13495,1
1851,1850000,36437,21695,56278,34364,59771,15198,1
1852,1851000,39760,21113,47314,28728,64012,18749,1
1853,1852000,42289,21624,36872,23411,65433,23650,1
1854,1853000,43797,23492,26261,19032,63778,29384,1
1855,1854000,44543,26467,16586,16135,58777,35523,1
1856,1855000,44544,30022,8704,14732,51434,41454,1
1857,1856000,43075,33803,3716,15090,42331,46536,1
1858,1857000,40329,37422,1203,17306,32171,50241,1
1859,1858000,36833,40539,174,20991,21987,52372,1
1860,1859000,32946,42690,2955,25819,12868,52625,1
1861,1860000,29154,43836,9373,31292,5842,50923,1
1862,1861000,25798,44417,18356,36955,1510,47397,1
1863,1862000,23254,43892,28814,42283,59,42502,1
1864,1863000,21763,41993,39421,46640,1790,36747,1
1865,1864000,21015,39019,49090,49541,6780,30609,1
1866,1865000,21049,35445,56927,50925,14181,24665,1
1867,1866000,22546,31641,61873,50555,23351,19555,1
1868,1867000,25268,28056,64369,48356,33430,15880,1
1869,1868000,28735,24981,65433,44685,43528,13787,1
1870,1869000,32626,22858,62641,39840,52655,13547,1
1871,1870000,36416,21725,56234,34367,59690,15243,1
1872,1871000,39771,21108,47299,28716,64039,18746,1
1873,1872000,42300,21607,36895,23411,65477,23624,1
1874,1873000,43783,23498,26292,19057,63745,29377,1
1875,1874000,44549,26450,16622,16145,58809,35494,1
1876,1875000,44532,30016,8749,14757,51428,41431,1
1877,1876000,43039,33836,3715,15120,42236,46561,1
1878,1877000,40322,37434,1183,17306,32152,50253,1
1879,1878000,36851,40527,156,20971,22041,52362,1
1880,1879000,32962,42670,2974,25811,12931,52596,1
1881,1880000,29155,43823,9416,31303,5871,50893,1
1882,1881000,25783,44424,18380,36972,1483,47394,1
1883,1882000,23254,43895,28803,42276,63,42507,1
1884,1883000,21773,41982,39417,46626,1829,36738,1
1885,1884000,21011,39021,49092,49541,6778,30610,1
1886,1885000,21044,35453,56921,50924,14165,24675,1
1887,1886000,22553,31641,61860,50542,23363,19562,1
1888,1887000,25280,28051,64355,48339,33456,15883,1
1889,1888000,28740,24977,65432,44679,43541,13785,1
1890,1889000,32617,22866,62639,39846,52627,13557,1
1891,1890000,36413,21734,56210,34362,59669,15261,1
1892,1891000,39775,21108,47282,28708,64042,18753,1
1893,1892000,42302,21607,36890,23409,65480,23624,1
1894,1893000,43778,23504,26296,19064,63727,29379,1
1895,1894000,44541,26460,16621,16154,58780,35501,1
1896,1895000,44527,30024,8741,14759,51410,41439,1
1897,1896000,43037,33836,3715,15123,42235,46558,1
1898,1897000,40316,37436,1189,17315,32143,50249,1
1899,1898000,36844,40530,165,20979,22030,52359,1
1900,1899000,32958,42670,2987,25818,12931,52589,1
1901,1900000,29152,43821,9433,31310,5878,50883,1
1902,1901000,25780,44422,18398,36979,1488,47384,1
1903,1902000,23252,43893,28817,42281,67,42500,1
1904,1903000,21774,41978,39423,46625,1841,36732,1
1905,1904000,21012,39016,49099,49539,6794,30603,1
1906,1905000,21047,35448,56925,50920,14181,24669,1
1907,1906000,22557,31638,61857,50535,23377,19562,1
1908,1907000,25286,28048,64353,48330,33471,15883,1
1909,1908000,28746,24975,65427,44671,43552,13787,1
1910,1909000,32622,22867,62627,39838,52631,13563,1
1911,1910000,36416,21736,56194,34354,59668,15270,1
1912,1911000,39779,21110,47263,28699,64042,18763,1
1913,1912000,42304,21611,36875,23404,65474,23633,1
1914,1913000,43777,23510,26285,19063,63714,29388,1
1915,1914000,44548,26464,16600,16146,58778,35511,1
1916,1915000,44529,30029,8727,14756,51404,41446,1
1917,1916000,43031,33842,3715,15130,42217,46561,1
1918,1917000,40308,37441,1194,17326,32123,50249,1
1919,1918000,36839,40533,170,20987,22020,52357,1
1920,1919000,32951,42671,2998,25827,12922,52585,1
1921,1920000,29146,43821,9450,31320,5873,50875,1
1922,1921000,25776,44420,18416,36987,1492,47374,1
1923,1922000,23249,43889,28836,42288,72,42489,1
1924,1923000,21773,41974,39439,46629,1850,36723,1
1925,1924000,21017,39008,49106,49535,6817,30594,1
1926,1925000,21053,35439,56928,50914,14207,24661,1
1927,1926000,22561,31632,61863,50531,23394,19556,1
1928,1927000,25290,28044,64357,48325,33483,15881,1
1929,1928000,28754,24971,65418,44659,43572,13788,1
1930,1929000,32629,22864,62613,39826,52645,13567,1
1931,1930000,36421,21735,56178,34345,59674,15277,1
1932,1931000,39784,21110,47242,28689,64045,18772,1
1933,1932000,42306,21615,36855,23397,65468,23645,1
1934,1933000,43778,23515,26266,19058,63704,29400,1
1935,1934000,44548,26470,16584,16144,58765,35522,1
1936,1935000,44526,30036,8718,14758,51386,41455,1
1937,1936000,43026,33849,3711,15134,42198,46568,1
1938,1937000,40300,37447,1192,17333,32104,50252,1
1939,1938000,36831,40537,175,20997,22003,52356,1
1940,1939000,32944,42673,3010,25837,12909,52581,1
1941,1940000,29139,43822,9468,31331,5865,50868,1
1942,1941000,25771,44419,18437,36997,1490,47364,1
1943,1942000,23245,43886,28856,42296,76,42478,1
1944,1943000,21771,41968,39457,46634,1860,36711,1
1945,1944000,21016,39001,49121,49537,6831,30582,1
1946,1945000,21055,35431,56938,50913,14225,24651,1
1947,1946000,22566,31625,61868,50527,23413,19548,1
1948,1947000,25296,28038,64359,48318,33503,15877,1
1949,1948000,28762,24967,65413,44649,43589,13788,1
1950,1949000,32636,22862,62602,39816,52659,13570,1
1951,1950000,36428,21734,56161,34334,59683,15283,1
1952,1951000,39789,21111,47221,28678,64048,18782,1
1953,1952000,42309,21618,36834,23388,65465,23656,1
1954,1953000,43780,23521,26246,19052,63695,29412,1
1955,1954000,44549,26477,16568,16140,58751,35533,1
1956,1955000,44523,30044,8707,14758,51368,41465,1
1957,1956000,43020,33856,3705,15138,42178,46575,1
1958,1957000,40294,37454,1189,17340,32084,50257,1
1959,1958000,36823,40542,178,21006,21985,52357,1
1960,1959000,32936,42676,3021,25848,12895,52578,1
1961,1960000,29132,43823,9485,31342,5855,50862,1
1962,1961000,25766,44419,18456,37007,1486,47355,1
1963,1962000,23242,43883,28877,42305,78,42467,1
1964,1963000,21770,41963,39477,46641,1869,36699,1
1965,1964000,21011,38996,49143,49546,6836,30571,1
1966,1965000,21055,35426,56953,50917,14236,24641,1
1967,1966000,22572,31618,61871,50522,23435,19541,1
1968,1967000,25304,28031,64360,48310,33525,15872,1
1969,1968000,28768,24963,65412,44642,43604,13787,1
1970,1969000,32643,22859,62592,39806,52672,13573,1
1971,1970000,36435,21732,56144,34322,59694,15289,1
1972,1971000,39794,21111,47204,28669,64050,18790,1
1973,1972000,42313,21621,36813,23379,65464,23667,1
1974,1973000,43782,23526,26227,19046,63687,29423,1
1975,1974000,44550,26483,16551,16137,58739,35545,1
1976,1975000,44521,30051,8696,14758,51351,41476,1
1977,1976000,43016,33863,3700,15142,42159,46583,1
1978,1977000,40288,37460,1185,17346,32066,50262,1
1979,1978000,36816,40546,180,21015,21966,52359,1
1980,1979000,32929,42679,3031,25858,12879,52576,1
1981,1980000,29126,43824,9499,31352,5846,50856,1
1982,1981000,25760,44419,18474,37018,1481,47347,1
1983,1982000,23239,43881,28896,42314,79,42457,1
1984,1983000,21769,41958,39494,46647,1876,36688,1
1985,1984000,21010,38991,49159,49550,6846,30560,1
1986,1985000,21056,35419,56963,50917,14251,24631,1
1987,1986000,22576,31611,61876,50519,23453,19533,1
1988,1987000,25309,28025,64363,48305,33543,15867,1
1989,1988000,28774,24958,65410,44635,43621,13785,1
1990,1989000,32650,22857,62583,39797,52686,13574,1
1991,1990000,36441,21731,56131,34313,59703,15294,1
1992,1991000,39799,21111,47187,28659,64056,18797,1
1993,1992000,42316,21623,36795,23370,65464,23676,1
1994,1993000,43783,23530,26210,19040,63682,29433,1
1995,1994000,44552,26489,16535,16132,58730,35555,1
1996,1995000,44520,30057,8685,14757,51337,41485,1
1997,1996000,43012,33870,3694,15144,42143,46591,1
1998,1997000,40283,37465,1181,17350,32049,50267,1
1999,1998000,36810,40551,182,21021,21950,52361,1
2000,1999000,32922,42681,3038,25866,12866,52575,1
